 Maintaining 16 concurrent writes of 4194304 bytes for up to 60 seconds or 0 objects
 Object prefix: benchmark_data_ceph-radosbench-1_1
   sec Cur ops   started  finished  avg MB/s  cur MB/s  last lat   avg lat
     0       0         0         0         0         0         -         0
     1      16        35        19   75.9724        76  0.383362  0.421353
     2      16        61        45   89.9763       104  0.842645  0.410527
     3      16        86        70   93.3127       100  0.349737  0.551562
     4      16       123       107   106.978       148  0.194354  0.555517
     5      16       148       132    105.58       100   1.37461  0.547643
     6      16       179       163   108.646       124   1.61821  0.553691
     7      16       205       189   107.981       104  0.238607   0.55514
     8      16       233       217   108.481       112  0.243581  0.550053
     9      16       259       243   107.981       104  0.796861  0.560251
    10      16       290       274   109.581       124  0.245866  0.553771
    11      16       314       298   108.345        96  0.316202  0.553173
    12      16       344       328   109.315       120  0.345009   0.56958
    13      15       373       358   110.135       120  0.441678  0.566704
    14      16       396       380   108.553        88   0.38281  0.572542
    15      16       425       409   109.049       116  0.407565  0.564093
    16      16       457       441   110.232       128  0.347486  0.569126
    17      16       485       469   110.335       112  0.374982  0.567758
    18      16       512       496   110.204       108  0.377742  0.567628
    19      16       539       523   110.088       108  0.305391  0.565617
2014-12-11 01:31:24.469518min lat: 0.095151 max lat: 2.45419 avg lat: 0.569937
   sec Cur ops   started  finished  avg MB/s  cur MB/s  last lat   avg lat
    20      16       567       551   110.183       112  0.435994  0.569937
    21      16       595       579   110.268       112  0.358476  0.567837
    22      16       620       604   109.801       100  0.863752  0.563775
    23      16       647       631   109.722       108  0.289436  0.563062
    24      16       679       663   110.483       128  0.478723  0.567129
    25      16       700       684   109.423        84   2.69481   0.56888
    26      16       729       713   109.675       116  0.161857  0.567424
    27      16       760       744   110.205       124  0.347731  0.570319
    28      16       787       771   110.126       108   0.22765  0.569369
    29      16       813       797   109.914       104  0.231991   0.56279
    30      16       842       826   110.116       116  0.297198  0.562639
    31      16       866       850    109.66        96  0.232917  0.553333
    32      16       898       882   110.233       128  0.124779  0.564019
    33      16       929       913   110.649       124   2.50119  0.572543
    34      16       954       938   110.336       100  0.618878  0.572401
    35      16       987       971   110.954       132  0.549605  0.571096
    36      16      1016      1000   111.094       116  0.369807  0.571153
    37      16      1043      1027    111.01       108  0.417811  0.571523
    38      16      1066      1050   110.509        92  0.257759  0.571813
    39      16      1089      1073   110.034        92  0.175177  0.570339
2014-12-11 01:31:44.472436min lat: 0.093346 max lat: 4.1482 avg lat: 0.569292
   sec Cur ops   started  finished  avg MB/s  cur MB/s  last lat   avg lat
    40      16      1118      1102   110.183       116  0.114234  0.569292
    41      16      1148      1132   110.422       120   2.28964  0.573519
    42      16      1180      1164    110.84       128  0.260756  0.572998
    43      16      1209      1193    110.96       116   0.33477  0.572911
    44      16      1239      1223   111.165       120  0.569073  0.572199
    45      16      1263      1247   110.828        96  0.327455  0.572513
    46      16      1285      1269   110.331        88  0.226412  0.571448
    47      16      1319      1303   110.877       136  0.242268  0.570347
    48      16      1348      1332   110.983       116  0.536928  0.572802
    49      16      1379      1363   111.249       124  0.536736  0.572492
    50      16      1404      1388   111.023       100  0.651001  0.571711
    51      16      1432      1416   111.042       112  0.422714  0.571451
    52      16      1455      1439   110.676        92  0.159599  0.572789
    53      16      1489      1473   111.153       136  0.385647  0.572572
    54      16      1512      1496   110.798        92  0.387388  0.570711
    55      16      1539      1523   110.747       108  0.346444  0.568349
    56      16      1567      1551   110.769       112  0.204024  0.569768
    57      16      1594      1578    110.72       108  0.145883  0.570861
    58      16      1625      1609   110.949       124  0.266667  0.573298
    59      16      1653      1637   110.967       112  0.667266  0.573299
2014-12-11 01:32:04.475281min lat: 0.093346 max lat: 4.1482 avg lat: 0.572614
   sec Cur ops   started  finished  avg MB/s  cur MB/s  last lat   avg lat
    60      16      1684      1668   111.183       124   0.45669  0.572614
 Total time run:         60.808980
Total writes made:      1684
Write size:             4194304
Bandwidth (MB/sec):     110.773 

Stddev Bandwidth:       20.0251
Max bandwidth (MB/sec): 148
Min bandwidth (MB/sec): 0
Average Latency:        0.576504
Stddev Latency:         0.532291
Max latency:            4.1482
Min latency:            0.093346
