 Maintaining 16 concurrent writes of 4194304 bytes for up to 60 seconds or 0 objects
 Object prefix: benchmark_data_ceph-radosbench-1_1
   sec Cur ops   started  finished  avg MB/s  cur MB/s  last lat   avg lat
     0       0         0         0         0         0         -         0
     1      16        25         9    35.985        36  0.493762   0.47561
     2      16        40        24   47.9845        60  0.846481  0.854382
     3      16        50        34   45.3205        40   1.47328   1.00151
     4      16        61        45   44.9884        44  0.696331   1.13273
     5      16        76        60   47.9881        60   1.14602    1.1829
     6      16        88        72   47.9886        48   1.79655   1.17709
     7      16        96        80   45.7035        32   0.89378   1.18736
     8      16       109        93   46.4892        52   1.76014   1.25663
     9      16       117       101   44.8787        32    1.1032   1.24381
    10      16       123       107   42.7904        24   2.73998   1.30381
    11      16       133       117    42.536        40   0.23459   1.31844
    12      16       148       132   43.9904        60  0.457198   1.37352
    13      16       157       141   43.3751        36   1.26859   1.37042
    14      16       169       153   43.7048        48   1.03881   1.33461
    15      16       178       162   43.1907        36  0.887311   1.34656
    16      16       183       167    41.741        20   1.24024   1.38262
    17      16       192       176   41.4029        36   1.63269   1.39858
    18      16       200       184   40.8802        32  0.865351   1.45731
    19      16       214       198   41.6754        56  0.727309   1.46292
2015-02-01 05:34:36.629888min lat: 0.111392 max lat: 4.71251 avg lat: 1.45777
   sec Cur ops   started  finished  avg MB/s  cur MB/s  last lat   avg lat
    20      16       225       209   41.7912        44   2.62716   1.45777
    21      16       233       217   41.3245        32  0.180899   1.45651
    22      16       238       222   40.3551        20  0.103245   1.45292
    23      16       242       226    39.296        16  0.238226   1.45223
    24      16       254       238   39.6583        48   2.60713    1.5092
    25      16       265       249   39.8317        44  0.801612   1.53068
    26      16       282       266   40.9146        68   2.99651   1.51691
    27      16       293       277   41.0286        44  0.423892   1.49654
    28      16       305       289   41.2772        48   1.20591    1.5012
    29      16       313       297   40.9571        32  0.894652   1.50173
    30      16       317       301   40.1251        16  0.953743   1.49124
    31      16       321       305   39.3468        16   4.44527   1.51163
    32      16       335       319   39.8669        56  0.631571   1.54039
    33      16       347       331   40.1131        48  0.799175   1.55524
    34      16       356       340   39.9919        36   2.13898    1.5571
    35      16       371       355   40.5632        60  0.348082   1.53522
    36      16       386       370   41.1028        60  0.834445   1.51843
    37      16       394       378   40.8566        32   4.05975    1.5172
    38      16       410       394   41.4653        64  0.710897   1.50545
    39      16       426       410   42.0427        64  0.691068   1.48715
2015-02-01 05:34:56.633731min lat: 0.103245 max lat: 4.75763 avg lat: 1.4855
   sec Cur ops   started  finished  avg MB/s  cur MB/s  last lat   avg lat
    40      16       435       419   41.8915        36   1.29244    1.4855
    41      16       445       429   41.8452        40   1.14844   1.48295
    42      16       455       439   41.8011        40  0.774996   1.48776
    43      16       458       442    41.108        12   0.48617   1.48153
    44      16       466       450   40.9009        32   1.96907   1.50248
    45      16       477       461   40.9696        44   3.84213    1.5278
    46      16       490       474   41.2091        52  0.358984   1.52098
    47      16       499       483   41.0982        36    1.1434   1.52458
    48      16       508       492   40.9918        36    1.0794   1.52003
    49      16       516       500   40.8081        32  0.534746    1.5165
    50      16       522       506   40.4719        24   3.71786   1.52404
    51      16       535       519   40.6977        52   3.74976   1.53324
    52      16       548       532   40.9149        52  0.639718   1.53805
    53      16       562       546   41.1993        56   1.20095   1.53078
    54      16       569       553   40.9548        28   2.57211   1.52807
    55      16       580       564     41.01        44   1.37652   1.52767
    56      16       590       574   40.9918        40  0.799657   1.52232
    57      16       597       581   40.7638        28  0.485667   1.50959
    58      16       605       589   40.6125        32   3.90923   1.53603
    59      16       616       600   40.6697        44   3.82793   1.54052
2015-02-01 05:35:16.637857min lat: 0.092527 max lat: 4.75763 avg lat: 1.53006
   sec Cur ops   started  finished  avg MB/s  cur MB/s  last lat   avg lat
    60      16       631       615   40.9917        60  0.277709   1.53006
    61      15       631       616   40.3852         4   1.09965   1.52936
    62      15       631       616   39.7338         0         -   1.52936
    63      15       631       616   39.1032         0         -   1.52936
    64      15       631       616   38.4922         0         -   1.52936
 Total time run:         64.485910
Total writes made:      631
Write size:             4194304
Bandwidth (MB/sec):     39.140 

Stddev Bandwidth:       16.9279
Max bandwidth (MB/sec): 68
Min bandwidth (MB/sec): 0
Average Latency:        1.62939
Stddev Latency:         1.32305
Max latency:            8.36372
Min latency:            0.092527
