 Maintaining 16 concurrent writes of 4194304 bytes for up to 60 seconds or 0 objects
 Object prefix: benchmark_data_ceph-radosbench-2_1
   sec Cur ops   started  finished  avg MB/s  cur MB/s  last lat   avg lat
     0       0         0         0         0         0         -         0
     1      16        28        12   47.9793        48  0.945914  0.648794
     2      16        40        24   47.9843        48  0.928117  0.867755
     3      16        50        34   45.3203        40    1.4792   1.03994
     4      16        61        45   44.9879        44   1.54399   1.09898
     5      16        78        62   49.5874        68   1.42006   1.14475
     6      16        90        74   49.3212        48   0.41676   1.13324
     7      16       102        86    49.131        48  0.874357   1.16367
     8      16       114        98   48.9885        48   1.96281   1.16816
     9      16       120       104   46.2115        24  0.929244   1.17123
    10      16       126       110   43.9899        24   2.50109   1.21857
    11      16       138       122   44.3536        48  0.292082    1.3091
    12      16       147       131   43.6569        36    1.4643   1.29454
    13      16       157       141   43.3749        40   2.54531   1.34869
    14      16       169       153   43.7047        48   1.06104   1.34481
    15      16       183       167   44.5236        56   1.09302   1.33765
    16      16       189       173   43.2406        24    2.3329   1.34626
    17      16       203       187   43.9902        56  0.451319   1.37148
    18      16       214       198   43.9902        44  0.180372    1.3626
    19      16       226       210   44.2007        48  0.461419   1.37068
2015-02-01 05:38:09.403487min lat: 0.10075 max lat: 4.40158 avg lat: 1.36819
   sec Cur ops   started  finished  avg MB/s  cur MB/s  last lat   avg lat
    20      16       238       222   44.3901        48  0.153163   1.36819
    21      16       247       231   43.9902        36   0.20973   1.36071
    22      16       255       239   43.4449        32   1.21135   1.36537
    23      16       263       247    42.947        32  0.208356    1.3555
    24      16       275       259   43.1571        48     2.134    1.3927
    25      16       287       271   43.3504        48  0.629046   1.40559
    26      16       296       280   43.0674        36   3.49683   1.42413
    27      16       307       291   43.1017        44   1.10341   1.42954
    28      16       314       298   42.5621        28  0.226851   1.43245
    29      16       330       314   43.3009        64  0.192352   1.41124
    30      16       335       319   42.5241        20   0.91203    1.4024
    31      16       347       331   42.7005        48   1.91177   1.43301
    32      16       362       346   43.2407        60   0.80294   1.44833
    33      16       374       358   43.3846        48  0.703628   1.43883
    34      16       385       369   43.4024        44   2.40404   1.44088
    35      16       397       381   43.5335        48  0.218956   1.43116
    36      16       403       387   42.9908        24  0.750086   1.42828
    37      16       407       391   42.2612        16   3.84235   1.44094
    38      16       419       403    42.412        48  0.509081   1.45847
    39      16       428       412   42.2474        36  0.695275   1.46917
2015-02-01 05:38:29.407585min lat: 0.10075 max lat: 5.12985 avg lat: 1.48104
   sec Cur ops   started  finished  avg MB/s  cur MB/s  last lat   avg lat
    40      16       435       419   41.8911        28   2.81416   1.48104
    41      16       450       434   42.3324        60   1.52456   1.47536
    42      16       462       446   42.4671        48  0.683289   1.46994
    43      16       468       452   42.0375        24  0.290733   1.45727
    44      16       479       463   42.0819        44  0.254292    1.4721
    45      16       496       480   42.6576        68   4.13481    1.4736
    46      16       504       488   42.4258        32  0.819838   1.47154
    47      16       518       502   42.7144        56   1.19068      1.46
    48      16       527       511   42.5743        36   1.79063   1.45853
    49      16       533       517   42.1951        24   3.75757   1.47237
    50      16       534       518   41.4312         4  0.678446   1.47084
    51      16       548       532   41.7166        56   3.50864   1.50252
    52      16       559       543   41.7604        44   1.19881   1.50472
    53      16       573       557   42.0289        56  0.322196   1.49773
    54      16       588       572   42.3614        60   2.66101   1.49322
    55      16       597       581   42.2456        36   1.37307   1.48591
    56      16       604       588   41.9912        28   2.04334   1.48856
    57      16       609       593   41.6053        20  0.634006   1.48078
    58      16       621       605   41.7154        48   3.52657   1.50638
    59      16       636       620   42.0251        60  0.621383   1.50232
2015-02-01 05:38:49.411631min lat: 0.10075 max lat: 5.12985 avg lat: 1.49724
   sec Cur ops   started  finished  avg MB/s  cur MB/s  last lat   avg lat
    60      16       644       628   41.8579        32   1.11662   1.49724
    61       9       645       636   41.6962        32   2.20812   1.50348
    62       9       645       636   41.0237         0         -   1.50348
    63       9       645       636   40.3725         0         -   1.50348
    64       9       645       636   39.7417         0         -   1.50348
 Total time run:         64.459395
Total writes made:      645
Write size:             4194304
Bandwidth (MB/sec):     40.025 

Stddev Bandwidth:       16.5905
Max bandwidth (MB/sec): 68
Min bandwidth (MB/sec): 0
Average Latency:        1.56008
Stddev Latency:         1.23971
Max latency:            6.4833
Min latency:            0.10075
