 Maintaining 16 concurrent writes of 4194304 bytes for up to 60 seconds or 0 objects
 Object prefix: benchmark_data_ceph-radosbench-1_1
   sec Cur ops   started  finished  avg MB/s  cur MB/s  last lat   avg lat
     0       0         0         0         0         0         -         0
     1      16        25         9   35.9888        36  0.768805  0.620101
     2      16        43        27   53.9869        72   1.20691  0.983468
     3      16        52        36   47.9899        36  0.968904  0.998348
     4      16        59        43   42.9918        28    1.1883   1.05873
     5      16        70        54   43.1922        44   1.67787   1.23955
     6      16        82        66   43.9927        48  0.731128   1.27588
     7      16        93        77   43.9928        44   1.57911   1.28425
     8      16       108        92   45.9926        60   1.78419   1.29495
     9      16       118       102    45.326        40   1.59428   1.29541
    10      16       123       107   42.7934        20  0.816513   1.28856
    11      16       130       114   41.4484        28   0.31981   1.33598
    12      16       144       128   42.6605        56   2.39183   1.41417
    13      16       156       140   43.0706        48   1.74946   1.41309
    14      16       170       154   43.9937        56   2.22044   1.39382
    15      16       177       161   42.9273        28   1.65404   1.41656
    16      16       185       169   42.2442        32  0.321781   1.39252
    17      16       190       174   40.9356        20     2.927   1.40911
    18      16       203       187     41.55        52   3.02158   1.45746
    19      16       209       193   40.6262        24  0.185223   1.46809
2014-12-09 22:59:44.457906min lat: 0.1782 max lat: 3.59008 avg lat: 1.4879
   sec Cur ops   started  finished  avg MB/s  cur MB/s  last lat   avg lat
    20      16       223       207   41.3947        56  0.183868    1.4879
    21      16       235       219   41.7089        48   1.82036   1.48458
    22      16       243       227   41.2675        32   0.79701   1.47795
    23      16       252       236   41.0383        36   1.22379   1.48286
    24      16       264       248   41.3281        48   2.41702   1.49621
    25      16       271       255   40.7948        28  0.689452   1.47728
    26      16       283       267   41.0718        48   3.63468   1.48371
    27      16       293       277   41.0319        40    1.2277   1.49213
    28      16       305       289   41.2806        48   2.08901   1.51311
    29      16       313       297   40.9604        32    1.7983   1.51273
    30      16       322       306    40.795        36   1.55574   1.52545
    31      16       335       319   41.1562        52  0.774004   1.52364
    32      16       344       328   40.9949        36  0.801153     1.514
    33      16       355       339   41.0858        44   1.21113   1.51342
    34      16       365       349   41.0537        40   1.28648    1.5178
    35      16       376       360   41.1378        44   1.26881   1.51944
    36      16       384       368   40.8838        32    1.4609    1.5205
    37      16       395       379   40.9679        44  0.977063   1.52178
    38      16       410       394   41.4686        60   1.48197   1.51383
    39      16       419       403   41.3283        36   1.01066   1.50801
2014-12-09 23:00:04.460183min lat: 0.1782 max lat: 4.36064 avg lat: 1.49799
   sec Cur ops   started  finished  avg MB/s  cur MB/s  last lat   avg lat
    40      16       425       409    40.895        24  0.386215   1.49799
    41      16       436       420   40.9706        44   1.21984   1.51527
    42      16       446       430   40.9474        40   3.07939   1.53369
    43      16       455       439   40.8323        36  0.391127   1.53507
    44      16       462       446   40.5406        28  0.269251   1.53976
    45      16       473       457   40.6173        44   2.14838   1.54243
    46      16       482       466   40.5169        36  0.315697   1.54342
    47      16       493       477   40.5909        44   1.42165   1.54667
    48      16       504       488   40.6618        44  0.854365   1.54971
    49      16       516       500   40.8115        48  0.806928   1.54349
    50      16       526       510   40.7951        40  0.407084   1.53523
    51      16       534       518   40.6226        32   2.93641   1.53277
    52      16       543       527   40.5336        36   3.09311   1.54319
    53      16       551       535   40.3725        32   0.80651   1.54771
    54      16       566       550   40.7359        60   2.52204   1.55102
    55      16       577       561   40.7952        44  0.347669   1.54575
    56      16       587       571   40.7809        40  0.317575   1.54267
    57      16       595       579   40.6268        32  0.294716   1.54258
    58      16       603       587    40.478        32   2.75244   1.54939
    59      16       610       594   40.2664        28   1.04848   1.55595
2014-12-09 23:00:24.462385min lat: 0.1782 max lat: 4.36064 avg lat: 1.56061
   sec Cur ops   started  finished  avg MB/s  cur MB/s  last lat   avg lat
    60      16       623       607   40.4619        52  0.669997   1.56061
    61      14       624       610   39.9953        12  0.672291   1.55927
 Total time run:         61.497598
Total writes made:      624
Write size:             4194304
Bandwidth (MB/sec):     40.587 

Stddev Bandwidth:       12.2957
Max bandwidth (MB/sec): 72
Min bandwidth (MB/sec): 0
Average Latency:        1.57308
Stddev Latency:         0.835193
Max latency:            4.36064
Min latency:            0.1782
