 Maintaining 16 concurrent writes of 4194304 bytes for up to 60 seconds or 0 objects
 Object prefix: benchmark_data_ceph-radosbench-1_1
   sec Cur ops   started  finished  avg MB/s  cur MB/s  last lat   avg lat
     0       0         0         0         0         0         -         0
     1      16        26        10   39.9862        40  0.998347  0.693456
     2      16        34        18   35.9911        32   0.67867  0.917205
     3      16        50        34   45.3238        64  0.780914   1.13186
     4      16        66        50   49.9909        64  0.800176    1.1211
     5      16        74        58   46.3924        32   1.08836   1.12883
     6      16        84        68   45.3264        40   1.09795    1.1773
     7      16        94        78   44.5647        40   1.35866   1.24315
     8      16        99        83   41.4941        20   2.64375   1.29249
     9      16       113        97   43.1052        56   2.12359   1.36152
    10      16       128       112   44.7939        60  0.805762   1.32709
    11      16       139       123   44.7211        44  0.702725   1.34193
    12      16       146       130   43.3274        28   1.98304   1.36079
    13      16       156       140   43.0711        40   1.41846   1.37226
    14      16       161       145   41.4231        20   1.54945   1.37333
    15      16       173       157   41.8611        48   3.61148   1.45862
    16      16       185       169   42.2444        48   1.00712   1.44668
    17      16       192       176   41.4064        28  0.592563   1.43383
    18      16       204       188   41.7723        48    0.1442   1.44019
    19      16       213       197   41.4683        36  0.493428   1.44712
2014-12-09 22:56:22.827665min lat: 0.1442 max lat: 3.6534 avg lat: 1.47763
   sec Cur ops   started  finished  avg MB/s  cur MB/s  last lat   avg lat
    20      16       220       204   40.7947        28   2.36365   1.47763
    21      16       231       215   40.9471        44  0.878375   1.48674
    22      16       242       226   41.0857        44  0.200173   1.48771
    23      16       252       236   41.0383        40    1.7456   1.48742
    24      16       262       246   40.9949        40  0.335468   1.47521
    25      16       269       253    40.475        28  0.258912   1.48407
    26      16       278       262   40.3027        36  0.601985   1.49246
    27      16       285       269   39.8469        28   3.54016   1.52355
    28      16       297       281   40.1378        48   1.44293   1.54117
    29      16       310       294   40.5467        52  0.820702   1.53993
    30      16       321       305   40.6616        44   1.07778   1.53722
    31      16       332       316   40.7692        44  0.456042   1.52773
    32      16       341       325     40.62        36  0.794717   1.52589
    33      16       345       329   39.8739        16   1.44186   1.52196
    34      16       360       344   40.4657        60  0.798223   1.54614
    35      16       372       356   40.6808        48  0.566865   1.53905
    36      16       380       364   40.4396        32  0.400289     1.538
    37      16       392       376   40.6438        48   1.90507   1.54403
    38      16       403       387   40.7319        44   1.20216   1.54025
    39      16       406       390   39.9952        12  0.614425   1.53274
2014-12-09 22:56:42.829857min lat: 0.1442 max lat: 4.58727 avg lat: 1.53946
   sec Cur ops   started  finished  avg MB/s  cur MB/s  last lat   avg lat
    40      16       419       403   40.2952        52  0.846636   1.53946
    41      16       430       414   40.3854        44   3.06349   1.55044
    42      16       435       419      39.9        20   2.73793   1.55556
    43      16       443       427   39.7162        32   3.00021   1.56569
    44      16       455       439   39.9044        48   3.60646   1.57196
    45      16       459       443   39.3731        16  0.569093   1.56731
    46      16       471       455   39.5605        48     2.941   1.58358
    47      16       481       465   39.5698        40   0.28308   1.57913
    48      16       489       473    39.412        32   0.31777   1.58109
    49      16       496       480    39.179        28   2.42426   1.58902
    50      16       507       491   39.2753        44   1.01951   1.59472
    51      16       515       499   39.1326        32   2.64623   1.60327
    52      16       530       514   39.5338        60  0.553741   1.59582
    53      16       545       529   39.9198        60  0.837663   1.58217
    54      16       552       536    39.699        28   1.62689   1.58459
    55      16       560       544    39.559        32   2.03175   1.58783
    56      16       564       548   39.1383        16   1.30498   1.58508
    57      16       572       556    39.013        32   2.32974   1.60668
    58      16       586       570   39.3058        56   1.24525   1.60901
    59      16       602       586   39.7242        64   1.21491   1.59444
2014-12-09 22:57:02.832075min lat: 0.1442 max lat: 4.58727 avg lat: 1.58829
   sec Cur ops   started  finished  avg MB/s  cur MB/s  last lat   avg lat
    60      16       611       595    39.662        36    1.6832   1.58829
    61      16       612       596   39.0774         4   2.11664   1.58918
 Total time run:         61.852473
Total writes made:      612
Write size:             4194304
Bandwidth (MB/sec):     39.578 

Stddev Bandwidth:       14.4921
Max bandwidth (MB/sec): 64
Min bandwidth (MB/sec): 0
Average Latency:        1.61693
Stddev Latency:         0.886201
Max latency:            4.58727
Min latency:            0.1442
