 Maintaining 16 concurrent writes of 4194304 bytes for up to 60 seconds or 0 objects
 Object prefix: benchmark_data_ceph-radosbench-1_1
   sec Cur ops   started  finished  avg MB/s  cur MB/s  last lat   avg lat
     0       0         0         0         0         0         -         0
     1      16        35        19   75.9723        76  0.600364  0.502836
     2      16        59        43   85.9776        96  0.300097   0.50952
     3      16        71        55   73.3172        48  0.928608  0.547353
     4      16        83        67   66.9868        48  0.968966  0.700944
     5      16       100        84   67.1876        68  0.311295  0.780876
     6      16       122       106    70.654        88  0.386808  0.798489
     7      16       137       121   69.1307        60  0.351568  0.790692
     8      15       153       138   68.9875        68  0.072824  0.835316
     9      16       163       147   65.3186        36  0.301225  0.818935
    10      16       172       156   62.3865        36   3.45284  0.869574
    11      16       180       164   59.6239        32  0.076954  0.860073
    12      16       190       174   57.9882        40   4.35455  0.972532
    13      16       210       194   59.6805        80  0.470241   0.99092
    14      16       227       211    60.274        68  0.348399  0.969993
    15      16       246       230   61.3217        76  0.068661  0.984264
    16      16       255       239   59.7389        36  0.067412  0.987592
    17      16       260       244   57.4013        20  0.618254   1.00403
    18      16       271       255   56.6566        44  0.399105  0.991544
    19      16       278       262   55.1483        28  0.371442  0.975206
2014-12-09 23:08:37.833308min lat: 0.067412 max lat: 5.16045 avg lat: 1.04697
   sec Cur ops   started  finished  avg MB/s  cur MB/s  last lat   avg lat
    20      16       290       274   54.7906        48   5.15993   1.04697
    21      16       309       293      55.8        76  0.406002   1.09233
    22      16       320       304   55.2634        44   1.79441    1.1155
    23      16       336       320   55.6428        64  0.323361   1.10916
    24      16       355       339   56.4906        76  0.149348   1.08366
    25      16       376       360   57.5905        84  0.089124   1.06924
    26      16       384       368   56.6061        32  0.370954   1.05285
    27      16       393       377   55.8427        36   0.06835   1.03769
    28      16       402       386   55.1339        36  0.913482   1.05651
    29      16       412       396   54.6118        40  0.299149   1.08165
    30      16       432       416   55.4577        80  0.261366   1.11549
    31      16       457       441   56.8941       100  0.146923   1.10705
    32      16       469       453   56.6159        48  0.707549   1.10231
    33      16       484       468   56.7182        60  0.777642   1.09843
    34      16       499       483   56.8145        60   1.31092   1.09503
    35      16       509       493   56.3339        40  0.765202   1.08927
    36      16       525       509   56.5466        64  0.678075    1.0672
    37      16       545       529   57.1801        80   4.44799   1.08607
    38      16       566       550   57.8855        84  0.158275   1.08915
    39      16       587       571   58.5548        84  0.156757   1.07301
2014-12-09 23:08:57.836189min lat: 0.065505 max lat: 5.55732 avg lat: 1.07457
   sec Cur ops   started  finished  avg MB/s  cur MB/s  last lat   avg lat
    40      16       600       584   58.3908        52   1.65225   1.07457
    41      16       616       600   58.5274        64  0.187373   1.06927
    42      16       629       613   58.3718        52  0.258658   1.06832
    43      16       637       621   57.7584        32   2.11927   1.07762
    44      16       652       636   57.8092        60  0.451673   1.08084
    45      16       661       645   57.3244        36  0.407596   1.07115
    46      16       669       653   56.7738        32  0.823019   1.07927
    47      16       692       676    57.523        92   2.98175   1.09684
    48      16       707       691   57.5745        60  0.140488   1.08795
    49      16       725       709   57.8686        72   2.05362   1.09058
    50      16       743       727   58.1511        72  0.066821   1.08239
    51      16       757       741   58.1087        56  0.069798   1.08149
    52      16       760       744    57.222        12  0.671555   1.07865
    53      16       773       757   57.1234        52   0.35276    1.0892
    54      16       774       758   56.1396         4  0.456907   1.08837
    55      16       789       773   56.2097        60  0.449616   1.10985
    56      16       813       797     56.92        96  0.315245   1.10919
    57      16       839       823   57.7457       104   2.15187   1.10178
    58      16       851       835   57.5775        48   1.00945   1.10033
    59      16       866       850   57.6185        60  0.356186   1.09367
2014-12-09 23:09:17.838878min lat: 0.065262 max lat: 5.55732 avg lat: 1.08722
   sec Cur ops   started  finished  avg MB/s  cur MB/s  last lat   avg lat
    60      16       878       862    57.458        48  0.595231   1.08722
    61      15       879       864   56.6472         8   2.70215   1.09111
    62      15       879       864   55.7336         0         -   1.09111
    63      12       879       867   55.0394         6   4.19792   1.10024
 Total time run:         63.107363
Total writes made:      879
Write size:             4194304
Bandwidth (MB/sec):     55.715 

Stddev Bandwidth:       25.3369
Max bandwidth (MB/sec): 104
Min bandwidth (MB/sec): 0
Average Latency:        1.14286
Stddev Latency:         1.29215
Max latency:            6.0124
Min latency:            0.065262
