 Maintaining 16 concurrent writes of 4194304 bytes for up to 60 seconds or 0 objects
 Object prefix: benchmark_data_ceph-radosbench-1_1
   sec Cur ops   started  finished  avg MB/s  cur MB/s  last lat   avg lat
     0       0         0         0         0         0         -         0
     1      16        38        22   87.9676        88  0.358514  0.477001
     2      16        65        49   97.9745       108  0.445109  0.494205
     3      16        94        78   103.977       116  0.472183  0.492696
     4      16       121       105   104.979       108  0.327241  0.531212
     5      16       149       133    106.38       112  0.223726  0.549047
     6      15       178       163   108.645       120   0.20398  0.549692
     7      16       205       189   107.979       104  0.280185  0.544604
     8      16       226       210   104.981        84  0.181752  0.548765
     9      16       260       244   108.425       136   0.28899  0.564697
    10      16       291       275   109.981       124  0.335876    0.5666
    11      15       318       303   110.163       112  0.714939  0.567634
    12      16       347       331   110.315       112  0.328568  0.563021
    13      16       375       359   110.443       112   0.66133  0.565474
    14      16       397       381   108.839        88  0.802388  0.567986
    15      16       428       412   109.849       124  0.342426  0.560398
    16      15       455       440   109.982       112  0.433668  0.567058
    17      16       488       472   111.041       128  0.661862  0.566636
    18      16       512       496   110.205        96  0.103953  0.564124
    19      16       543       527    110.93       124  0.312018  0.565445
2014-12-11 01:16:31.874156min lat: 0.103953 max lat: 2.68781 avg lat: 0.568828
   sec Cur ops   started  finished  avg MB/s  cur MB/s  last lat   avg lat
    20      16       563       547   109.383        80   1.57385  0.568828
    21      16       598       582    110.84       140  0.588555  0.568137
    22      16       622       606   110.165        96   0.39604   0.56588
    23      16       647       631   109.722       100  0.244496  0.564429
    24      16       674       658    109.65       108   0.31464  0.563337
    25      16       704       688   110.063       120  0.294923  0.568386
    26      16       736       720   110.752       128  0.469534  0.570467
    27      16       765       749   110.946       116  0.195544  0.567945
    28      16       792       776    110.84       108   1.62669  0.563846
    29      16       823       807   111.294       124  0.409768   0.56173
    30      16       849       833    111.05       104  0.411058   0.56303
    31      16       878       862   111.209       116  0.714768  0.565936
    32      16       905       889   111.108       108  0.182999  0.563384
    33      16       935       919   111.377       120  0.262848   0.56436
    34      16       963       947   111.395       112  0.535239   0.56612
    35      16       989       973   111.183       104  0.300062  0.566414
    36      16      1020      1004   111.539       124  0.313189  0.563986
    37      16      1046      1030   111.335       104    1.2136  0.568524
    38      16      1071      1055   111.036       100  0.205729  0.565224
    39      16      1103      1087   111.471       128  0.415185  0.564732
2014-12-11 01:16:51.876874min lat: 0.103953 max lat: 3.21627 avg lat: 0.565609
   sec Cur ops   started  finished  avg MB/s  cur MB/s  last lat   avg lat
    40      16      1131      1115   111.484       112  0.343071  0.565609
    41      16      1159      1143   111.496       112  0.382538  0.566747
    42      16      1187      1171   111.507       112  0.528167  0.567104
    43      16      1209      1193   110.961        88  0.331234  0.569964
    44      16      1237      1221   110.984       112  0.866356  0.570204
    45      16      1265      1249   111.006       112  0.373634  0.569825
    46      16      1295      1279   111.201       120  0.388354  0.569841
    47      16      1323      1307   111.218       112  0.413574  0.570426
    48      16      1352      1336   111.317       116    0.7257  0.570702
    49      16      1382      1366   111.494       120  0.769638  0.570357
    50      16      1411      1395   111.584       116    1.0299  0.568976
    51      16      1435      1419   111.278        96   1.37334  0.570183
    52      16      1460      1444   111.061       100   0.52092  0.568388
    53      16      1489      1473   111.154       116  0.162405  0.564584
    54      16      1520      1504   111.391       124  0.178352  0.571038
    55      16      1548      1532   111.402       112  0.619431  0.570649
    56      16      1575      1559   111.341       108  0.374836    0.5709
    57      16      1600      1584   111.142       100   1.05529  0.570742
    58      16      1630      1614   111.294       120  0.560595  0.571754
    59      16      1657      1641   111.238       108  0.650033  0.570774
2014-12-11 01:17:11.879621min lat: 0.103953 max lat: 3.55884 avg lat: 0.570949
   sec Cur ops   started  finished  avg MB/s  cur MB/s  last lat   avg lat
    60      16      1682      1666   111.051       100  0.688238  0.570949
    61      13      1683      1670   109.492        16   2.98748  0.571891
 Total time run:         61.422458
Total writes made:      1683
Write size:             4194304
Bandwidth (MB/sec):     109.602 

Stddev Bandwidth:       21.991
Max bandwidth (MB/sec): 140
Min bandwidth (MB/sec): 0
Average Latency:        0.582018
Stddev Latency:         0.498423
Max latency:            3.55884
Min latency:            0.103953
