 Maintaining 16 concurrent writes of 4194304 bytes for up to 60 seconds or 0 objects
 Object prefix: benchmark_data_ceph-radosbench-1_1
   sec Cur ops   started  finished  avg MB/s  cur MB/s  last lat   avg lat
     0       0         0         0         0         0         -         0
     1      16        44        28   111.966       112    0.1488  0.289512
     2      16        59        43   85.9797        60  0.094728   0.31021
     3      16        68        52   69.3193        36  0.404132  0.319416
     4      16        94        78   77.9857       104   0.46899  0.566331
     5      16       124       108   86.3851       120  0.282122  0.498565
     6      16       141       125   83.3192        68  0.290219  0.478084
     7      16       156       140   79.9868        60   0.38844  0.468437
     8      16       177       161   80.4871        84  0.289457  0.662083
     9      16       201       185   82.2092        96  0.390447  0.681791
    10      16       223       207   82.7864        88  0.387768  0.717856
    11      16       241       225   81.8048        72  0.100457  0.707296
    12      16       262       246   81.9867        84  0.290094  0.708457
    13      16       284       268   82.4481        88  0.307975  0.703226
    14      16       309       293   83.7008       100  0.305614  0.723692
    15      16       329       313   83.4532        80  0.126096  0.732111
    16      16       358       342   85.4859       116  0.461235  0.721163
    17      16       384       368   86.5738       104  0.208807  0.712391
    18      16       413       397   88.2072       116  0.560811  0.697168
    19      16       439       423    89.037       104  0.374527  0.687919
2014-12-10 01:42:32.816110min lat: 0.064937 max lat: 7.86946 avg lat: 0.686595
   sec Cur ops   started  finished  avg MB/s  cur MB/s  last lat   avg lat
    20      16       470       454   90.7841       124  0.233905  0.686595
    21      16       491       475   90.4602        84  0.097737   0.68439
    22      16       509       493   89.6203        72  0.713605  0.692956
    23      16       540       524   91.1137       124  0.069602  0.690938
    24      16       567       551   91.8165       108  0.271261  0.682522
    25      16       591       575   91.9832        96  0.472798  0.679373
    26      16       614       598   91.9829        92  0.989094  0.683365
    27      16       634       618   91.5385        80  0.319623  0.683368
    28      16       649       633   90.4118        60  0.318166  0.675075
    29      16       663       647   89.2249        56  0.293277  0.682221
    30      16       684       668   89.0504        84  0.270372  0.683862
    31      16       707       691   89.1451        92  0.280515  0.671016
    32      16       723       707   88.3591        64  0.266064  0.679413
    33      16       739       723   87.6206        64  0.070259  0.690299
    34      16       759       743   87.3961        80  0.280783   0.70528
    35      16       785       769     87.87       104  0.120891  0.712698
    36      16       810       794   88.2065       100  0.602062   0.71483
    37      16       837       821   88.7409       108  0.878173   0.70866
    38      16       861       845   88.9315        96  0.152263   0.70867
    39      16       877       861   88.2921        64   1.19604  0.704761
2014-12-10 01:42:52.819659min lat: 0.064937 max lat: 7.86946 avg lat: 0.707081
   sec Cur ops   started  finished  avg MB/s  cur MB/s  last lat   avg lat
    40      16       891       875   87.4846        56  0.365391  0.707081
    41      16       903       887   86.5214        48   1.71979  0.703689
    42      16       922       906   86.2706        76   4.45702  0.714858
    43      16       942       926   86.1245        80  0.096633  0.707492
    44      16       964       948   86.1668        88  0.323912  0.716696
    45      16       985       969   86.1184        84  0.606808  0.722932
    46      16      1007       991   86.1589        88  0.101246   0.73006
    47      16      1044      1028   87.4741       148  0.072745  0.727004
    48      16      1066      1050   87.4848        88   0.78028   0.72268
    49      16      1094      1078   87.9846       112  0.185048  0.719748
    50      16      1120      1104   88.3046       104   1.14709  0.717399
    51      16      1139      1123   88.0631        76   1.54465  0.718567
    52      16      1159      1143   87.9078        80  0.198088  0.714961
    53      16      1179      1163   87.7583        80  0.103547  0.715855
    54      16      1208      1192    88.281       116  0.471053  0.719569
    55      16      1244      1228   89.2937       144  0.769441  0.712122
    56      16      1262      1246   88.9847        72  0.169546  0.710829
    57      16      1300      1284   90.0898       152  0.111227  0.706873
    58      16      1318      1302   89.7777        72  0.155617  0.705065
    59      16      1328      1312    88.934        40   1.33431  0.705313
2014-12-10 01:43:12.822888min lat: 0.064937 max lat: 7.86946 avg lat: 0.705777
   sec Cur ops   started  finished  avg MB/s  cur MB/s  last lat   avg lat
    60      16      1339      1323   88.1849        44  0.104791  0.705777
    61      14      1339      1325   86.8704         8   2.25015  0.706629
    62      13      1339      1326   85.5338         4   3.54158  0.708767
 Total time run:         62.127546
Total writes made:      1339
Write size:             4194304
Bandwidth (MB/sec):     86.210 

Stddev Bandwidth:       30.5006
Max bandwidth (MB/sec): 152
Min bandwidth (MB/sec): 0
Average Latency:        0.738923
Stddev Latency:         1.00338
Max latency:            7.86946
Min latency:            0.064937
