 Maintaining 16 concurrent writes of 4194304 bytes for up to 60 seconds or 0 objects
 Object prefix: benchmark_data_ceph-radosbench-1_1
   sec Cur ops   started  finished  avg MB/s  cur MB/s  last lat   avg lat
     0       0         0         0         0         0         -         0
     1      16        37        21   83.9638        84  0.640978  0.429632
     2      16        67        51   101.963       120  0.254627   0.45279
     3      16        96        80   106.634       116  0.288034  0.410973
     4      16       121       105    104.97       100   1.92896  0.542752
     5      16       150       134    107.17       116  0.377912  0.555814
     6      16       177       161   107.305       108  0.594366   0.55771
     7      16       207       191   109.115       120  0.580137  0.552964
     8      16       233       217   108.472       104  0.334035  0.557373
     9      16       263       247   109.751       120  0.220124  0.561869
    10      16       291       275   109.973       112  0.388587  0.558446
    11      16       316       300   109.065       100  0.613877  0.563845
    12      16       346       330   109.974       120  0.467403  0.566345
    13      16       375       359   110.436       116  0.601831  0.568796
    14      16       402       386    110.26       108  0.335649  0.566906
    15      16       430       414   110.375       112  0.831462  0.566036
    16      16       457       441   110.225       108   0.46444   0.56669
    17      16       478       462   108.682        84  0.797398  0.566862
    18      16       514       498   110.642       144  0.257616  0.570314
    19      16       542       526   110.713       112  0.213071   0.56612
2014-12-11 02:19:21.424032min lat: 0.11379 max lat: 3.44769 avg lat: 0.565569
   sec Cur ops   started  finished  avg MB/s  cur MB/s  last lat   avg lat
    20      16       570       554   110.777       112  0.469568  0.565569
    21      16       599       583   111.024       116  0.429323  0.564472
    22      16       625       609   110.704       104    1.6595  0.566143
    23      16       651       635   110.412       104  0.378773  0.570435
    24      16       680       664   110.644       116  0.455383  0.572037
    25      16       710       694   111.018       120   1.08562  0.570063
    26      16       734       718    110.44        96  0.570257  0.568799
    27      16       765       749   110.941       124  0.250158  0.566633
    28      16       794       778   111.121       116  0.482373  0.567265
    29      16       819       803   110.737       100   0.39211  0.571423
    30      16       846       830   110.645       108  0.992294  0.571635
    31      16       878       862   111.205       128  0.563724  0.570727
    32      16       904       888   110.979       104  0.631221  0.569829
    33      16       934       918   111.252       120  0.878346  0.569414
    34      16       961       945   111.156       108  0.472343  0.568566
    35      16       986       970   110.836       100   1.66846  0.571512
    36      16      1018      1002   111.313       128  0.491716  0.569976
    37      16      1047      1031   111.439       116   0.36763  0.570317
    38      16      1076      1060   111.558       116   0.37736  0.569357
    39      16      1100      1084   111.159        96  0.393468  0.568908
2014-12-11 02:19:41.427095min lat: 0.11379 max lat: 3.44769 avg lat: 0.569978
   sec Cur ops   started  finished  avg MB/s  cur MB/s  last lat   avg lat
    40      16      1125      1109    110.88       100  0.485455  0.569978
    41      16      1155      1139   111.102       120  0.560738  0.570597
    42      16      1185      1169   111.313       120  0.381704  0.571327
    43      16      1215      1199   111.515       120  0.774147  0.569918
    44      16      1240      1224   111.253       100   1.23314  0.570159
    45      16      1268      1252   111.269       112  0.644193   0.56992
    46      16      1293      1277   111.023       100  0.230909  0.570551
    47      16      1321      1305   111.043       112  0.599797  0.572004
    48      16      1352      1336   111.313       124  0.521445  0.570612
    49      16      1383      1367   111.571       124   0.57918  0.570634
    50      16      1411      1395   111.579       112  0.423697   0.56832
    51      16      1438      1422   111.509       108  0.192289  0.566984
    52      16      1469      1453   111.749       124  0.167495  0.565339
    53      16      1493      1477   111.451        96  0.196274  0.564725
    54      16      1522      1506   111.535       116  0.140901  0.563828
    55      16      1550      1534   111.543       112  0.215268  0.563001
    56      16      1580      1564   111.694       120  0.376113  0.562775
    57      16      1605      1589   111.489       100  0.220731  0.563347
    58      16      1632      1616   111.428       108   1.48081  0.565808
    59      16      1663      1647    111.64       124  0.338416  0.564867
2014-12-11 02:20:01.430989min lat: 0.1135 max lat: 4.48377 avg lat: 0.56702
   sec Cur ops   started  finished  avg MB/s  cur MB/s  last lat   avg lat
    60      16      1690      1674   111.579       108   0.20931   0.56702
 Total time run:         60.474508
Total writes made:      1691
Write size:             4194304
Bandwidth (MB/sec):     111.849 

Stddev Bandwidth:       17.8665
Max bandwidth (MB/sec): 144
Min bandwidth (MB/sec): 0
Average Latency:        0.57167
Stddev Latency:         0.454475
Max latency:            4.48377
Min latency:            0.111822
