 Maintaining 16 concurrent writes of 4194304 bytes for up to 60 seconds or 0 objects
 Object prefix: benchmark_data_ceph-radosbench-1_1
   sec Cur ops   started  finished  avg MB/s  cur MB/s  last lat   avg lat
     0       0         0         0         0         0         -         0
     1      16        30        14   55.9809        56  0.306823  0.528759
     2      16        49        33   65.9838        76   1.28798  0.708255
     3      16        62        46   61.3204        52  0.878666  0.762642
     4      16        75        59   58.9892        52  0.304685  0.878126
     5      16        90        74   59.1898        60  0.199713  0.902671
     6      16       102        86   57.3241        48  0.337692  0.916288
     7      16       112        96   54.8485        40   1.28862  0.944894
     8      16       125       109   54.4919        52    2.4405   1.06577
     9      16       141       125   55.5476        64  0.769171   1.08685
    10      16       155       139    55.592        56  0.392349   1.07645
    11      16       173       157   57.0826        72   1.18383   1.07486
    12      16       186       170   56.6586        52  0.809723   1.06799
    13      16       197       181   55.6843        44   1.00632    1.0717
    14      16       203       187   53.4211        24   1.59296   1.08062
    15      16       214       198   52.7927        44  0.226853   1.13035
    16      16       227       211   52.7428        52  0.820494   1.15663
    17      16       244       228   53.6398        68  0.940809   1.14999
    18      16       261       245   54.4371        68   1.00042   1.13964
    19      16       270       254   53.4664        36  0.950171   1.13353
2014-12-09 23:05:55.350323min lat: 0.146771 max lat: 4.01855 avg lat: 1.14751
   sec Cur ops   started  finished  avg MB/s  cur MB/s  last lat   avg lat
    20      16       284       268   53.5928        56   1.77194   1.14751
    21      16       296       280   53.3262        48  0.524946   1.16212
    22      16       303       287   52.1749        28   1.86906   1.16082
    23      16       320       304   52.8626        68  0.490985    1.1729
    24      16       338       322   53.6597        72  0.603294   1.16657
    25      16       348       332   53.1132        40  0.475089   1.16445
    26      16       360       344   52.9164        48  0.529404   1.16631
    27      16       373       357   52.8822        52  0.880151   1.17223
    28      16       380       364   51.9935        28  0.386804   1.16423
    29      16       390       374   51.5797        40  0.319946   1.19241
    30      16       410       394   52.5267        80  0.530203   1.20463
    31      16       424       408   52.6385        56  0.869295   1.18548
    32      16       439       423   52.8684        60  0.264724   1.17683
    33      16       450       434   52.5995        44  0.525973   1.17868
    34      16       466       450   52.9346        64  0.516607   1.18535
    35      16       472       456   52.1078        24   0.95897   1.18624
    36      16       489       473   52.5491        68   2.34867   1.20082
    37      16       507       491   53.0746        72  0.863023   1.19077
    38      16       519       503   52.9409        48   1.33326   1.18481
    39      16       532       516   52.9167        52   1.56768   1.18592
2014-12-09 23:06:15.352441min lat: 0.130756 max lat: 4.01855 avg lat: 1.18547
   sec Cur ops   started  finished  avg MB/s  cur MB/s  last lat   avg lat
    40      16       546       530   52.9936        56   1.20392   1.18547
    41      16       555       539   52.5791        36  0.621837   1.18409
    42      16       568       552   52.5652        52  0.600048   1.19147
    43      16       584       568    52.831        64  0.780354   1.18761
    44      16       598       582   52.9029        56   0.64662   1.18311
    45      16       608       592   52.6161        40     2.822   1.18788
    46      16       623       607   52.7764        60   1.19686   1.19714
    47      16       636       620   52.7598        52   0.85079   1.19488
    48      16       648       632   52.6606        48  0.288947   1.19589
    49      16       664       648   52.8919        64   0.50924   1.19765
    50      16       676       660   52.7939        48   1.52389   1.19583
    51      16       689       673   52.7783        52  0.136585   1.19556
    52      16       694       678   52.1479        20   2.43563   1.20045
    53      16       710       694   52.3714        64  0.177323   1.20505
    54      16       721       705   52.2163        44   1.21183   1.20445
    55      16       732       716   52.0668        44   1.71324   1.21252
    56      16       747       731   52.2084        60  0.392005   1.20689
    57      16       759       743   52.1344        48  0.223934   1.20647
    58      16       768       752   51.8562        36  0.298802     1.204
    59      16       777       761   51.5874        36  0.410968    1.2052
2014-12-09 23:06:35.354353min lat: 0.130756 max lat: 4.01855 avg lat: 1.22217
   sec Cur ops   started  finished  avg MB/s  cur MB/s  last lat   avg lat
    60      16       791       775   51.6609        56   3.51125   1.22217
    61      15       792       777   50.9451         8  0.401713   1.22081
    62      14       792       778   50.1879         4    5.0816   1.22578
    63       8       792       784   49.7722        24   3.01006   1.24074
 Total time run:         63.107431
Total writes made:      792
Write size:             4194304
Bandwidth (MB/sec):     50.200 

Stddev Bandwidth:       16.7142
Max bandwidth (MB/sec): 80
Min bandwidth (MB/sec): 0
Average Latency:        1.26775
Stddev Latency:         0.811437
Max latency:            5.91728
Min latency:            0.130756
