 Maintaining 16 concurrent writes of 4194304 bytes for up to 60 seconds or 0 objects
 Object prefix: benchmark_data_ceph-radosbench-1_1
   sec Cur ops   started  finished  avg MB/s  cur MB/s  last lat   avg lat
     0       0         0         0         0         0         -         0
     1      16        20         4   15.9947        16  0.876394  0.718244
     2      16        23         7   13.9967        12    1.4756      1.04
     3      16        29        13   17.3301        24   2.87678   1.70022
     4      16        32        16   15.9973        12   3.87786   2.10703
     5      16        32        16    12.798         0         -   2.10703
     6      16        38        22   14.6646        12   4.17558   2.72351
     7      16        44        28   15.9978        24   3.97369   3.06212
     8      16        47        31    15.498        12   3.97653   3.18205
     9      16        50        34   15.1092        12   3.80731   3.27075
    10      16        53        37   14.7982        12   4.22127    3.3633
    11      16        53        37   13.4529         0         -    3.3633
    12      16        59        43   14.3316        12   4.99937   3.62255
    13      16        62        46   14.1522        12   4.59081     3.707
    14      16        68        52   14.8554        24   3.98188     3.789
    15      16        71        55    14.665        12   3.52938   3.80079
    16      16        74        58   14.4984        12   4.01319   3.82035
    17      16        74        58   13.6455         0         -   3.82035
    18      16        77        61   13.5541         6   5.09812   3.89251
    19      16        83        67   14.1037        24   4.83138   4.00575
2014-12-09 22:47:27.821472min lat: 0.263774 max lat: 5.66787 avg lat: 4.03786
   sec Cur ops   started  finished  avg MB/s  cur MB/s  last lat   avg lat
    20      16        86        70   13.9985        12   4.42923   4.03786
    21      16        89        73   13.9033        12   4.44503   4.06775
    22      16        92        76   13.8167        12   3.73824   4.07655
    23      16        95        79   13.7377        12   4.21059     4.088
    24      16        98        82   13.6652        12   5.07468   4.13118
    25      16       104        88   14.0785        24   4.60985   4.19589
    26      16       107        91   13.9985        12   4.22267   4.20731
    27      16       110        94   13.9245        12   4.02576   4.21185
    28      16       113        97   13.8557        12   3.54804   4.20615
    29      16       116       100   13.7917        12    4.0118   4.20551
    30      16       116       100   13.3319         0         -   4.20551
    31      16       122       106    13.676        12   5.21771   4.27326
    32      16       128       112   13.9985        24   4.61946   4.31798
    33      16       131       115   13.9379        12   4.21258   4.32379
    34      16       134       118   13.8809        12     3.413   4.31567
    35      16       137       121   13.8271        12   3.80383   4.30784
    36      16       137       121    13.443         0         -   4.30784
    37      16       143       127   13.7283        12   5.03087   4.35091
    38      16       146       130   13.6828        12   5.02852   4.37103
    39      16       149       133   13.6396        12    4.6331   4.38426
2014-12-09 22:47:47.823440min lat: 0.263774 max lat: 5.79483 avg lat: 4.39683
   sec Cur ops   started  finished  avg MB/s  cur MB/s  last lat   avg lat
    40      16       152       136   13.5986        12   4.62834   4.39683
    41      16       155       139   13.5596        12   3.82122   4.39729
    42      16       158       142   13.5224        12   4.21017   4.39748
    43      16       161       145    13.487        12    5.0215   4.41437
    44      16       167       151   13.7259        24   4.63241   4.44118
    45      16       170       154   13.6875        12    4.2266   4.44338
    46      16       173       157   13.6508        12   4.22258    4.4454
    47      16       176       160   13.6156        12   3.81542   4.44225
    48      16       179       163   13.5819        12   4.20551   4.44149
    49      16       182       166   13.5496        12   5.04329   4.45584
    50      16       188       172   13.7586        24   4.57889   4.47616
    51      16       191       175   13.7241        12   4.18044    4.4767
    52      16       194       178   13.6909        12   4.17651    4.4771
    53      16       197       181    13.659        12   3.74264   4.47271
    54      16       200       184   13.6282        12   4.21195   4.47123
    55      16       203       187   13.5986        12   5.03565   4.48335
    56      16       206       190     13.57        12   5.04141   4.49522
    57      16       212       196    13.753        24   4.24859   4.50376
    58      16       215       199   13.7227        12   3.84068   4.49868
    59      16       218       202   13.6935        12   3.41595   4.48949
2014-12-09 22:48:07.825440min lat: 0.263774 max lat: 5.79483 avg lat: 4.48234
   sec Cur ops   started  finished  avg MB/s  cur MB/s  last lat   avg lat
    60      16       221       205   13.6653        12   3.80465   4.48234
    61      16       221       205   13.4412         0         -   4.48234
    62      11       222       211   13.6115        12   4.95929    4.5015
    63       5       222       217   13.7764        24   4.56472   4.51605
    64       2       222       220   13.7486        12   4.35678    4.5184
 Total time run:         64.278384
Total writes made:      222
Write size:             4194304
Bandwidth (MB/sec):     13.815 

Stddev Bandwidth:       6.22773
Max bandwidth (MB/sec): 24
Min bandwidth (MB/sec): 0
Average Latency:        4.51445
Stddev Latency:         0.950013
Max latency:            5.79483
Min latency:            0.263774
