 Maintaining 16 concurrent writes of 4194304 bytes for up to 60 seconds or 0 objects
 Object prefix: benchmark_data_ceph-radosbench-1_1
   sec Cur ops   started  finished  avg MB/s  cur MB/s  last lat   avg lat
     0       0         0         0         0         0         -         0
     1      16        36        20   79.9748        80  0.364677  0.547308
     2      16        66        50   99.9759       120  0.450799  0.547952
     3      16        92        76   101.312       104  0.205004  0.535343
     4      16       114        98   97.9809        88  0.194932   0.52258
     5      16       148       132    105.58       136  0.231429  0.575997
     6      16       171       155   103.314        92  0.791571  0.570477
     7      16       194       178   101.696        92  0.357428  0.582907
     8      16       221       205   102.482       108  0.234743  0.586104
     9      16       248       232   103.093       108  0.465593  0.594949
    10      16       261       245   97.9831        52   1.09452  0.590041
    11      16       284       268   97.4381        92  0.309117  0.613906
    12      16       317       301   100.317       132  0.344457  0.619478
    13      16       340       324   99.6761        92  0.236423  0.609626
    14      16       372       356   101.698       128  0.345705   0.61649
    15      16       397       381   101.584       100  0.219179  0.605435
    16      16       426       410   102.484       116   1.16528   0.60962
    17      16       454       438   103.042       112    0.3935  0.612525
    18      16       481       465   103.317       108  0.838919  0.611009
    19      16       507       491   103.352       104   0.23349  0.603747
2014-12-10 21:05:28.003316min lat: 0.096869 max lat: 2.51461 avg lat: 0.605126
   sec Cur ops   started  finished  avg MB/s  cur MB/s  last lat   avg lat
    20      16       534       518   103.584       108   1.26572  0.605126
    21      16       563       547   104.174       116  0.451942   0.60042
    22      16       584       568   103.257        84  0.513747  0.601925
    23      16       619       603   104.853       140  0.235809   0.60384
    24      16       646       630   104.984       108  0.547149  0.601633
    25      16       672       656   104.944       104  0.277645  0.599891
    26      16       696       680   104.599        96   1.02072  0.602043
    27      16       725       709   105.021       116  0.454286  0.602125
    28      16       751       735   104.984       104  0.243646   0.59859
    29      16       781       765   105.501       120  0.300117  0.595766
    30      16       811       795   105.984       120    1.0188  0.597452
    31      16       837       821   105.919       104  0.607427  0.596517
    32      16       863       847   105.859       104   0.38931  0.597358
    33      16       889       873   105.802       104  0.188941  0.596537
    34      16       918       902   106.101       116   0.48949  0.597274
    35      16       949       933   106.612       124  0.680444  0.594864
    36      16       977       961   106.761       112  0.687943  0.594347
    37      16      1003       987   106.686       104  0.324778  0.593895
    38      16      1024      1008   106.089        84  0.104856   0.58907
    39      16      1048      1032    105.83        96  0.205363  0.596925
2014-12-10 21:05:48.006289min lat: 0.093848 max lat: 2.72129 avg lat: 0.601013
   sec Cur ops   started  finished  avg MB/s  cur MB/s  last lat   avg lat
    40      16      1071      1055   105.484        92  0.741493  0.601013
    41      16      1099      1083   105.642       112  0.366194  0.599146
    42      16      1130      1114   106.079       124  0.588746  0.598617
    43      16      1156      1140    106.03       104  0.579356  0.598068
    44      16      1180      1164   105.802        96  0.335737  0.597319
    45      16      1208      1192   105.939       112   0.90291  0.598776
    46      16      1234      1218   105.897       104   1.24891  0.598554
    47      16      1262      1246   106.026       112  0.500312  0.596188
    48      16      1290      1274    106.15       112  0.520624  0.596607
    49      16      1316      1300   106.106       104  0.096834  0.594743
    50      16      1334      1318   105.424        72   1.15877  0.597433
    51      16      1357      1341   105.161        92  0.317111  0.601233
    52      16      1386      1370   105.369       116  0.695123  0.602925
    53      16      1410      1394   105.192        96  0.381765  0.600746
    54      16      1440      1424   105.466       120  0.267662  0.602804
    55      16      1466      1450   105.439       104  0.513967  0.601505
    56      16      1498      1482   105.841       128  0.384201  0.601402
    57      16      1524      1508   105.809       104   1.09453  0.601689
    58      15      1548      1533   105.709       100   0.58468  0.600797
    59      16      1574      1558   105.612       100   1.43957  0.601969
2014-12-10 21:06:08.009039min lat: 0.093848 max lat: 2.72129 avg lat: 0.600857
   sec Cur ops   started  finished  avg MB/s  cur MB/s  last lat   avg lat
    60      16      1601      1585   105.651       108  0.211709  0.600857
 Total time run:         60.894495
Total writes made:      1602
Write size:             4194304
Bandwidth (MB/sec):     105.231 

Stddev Bandwidth:       20.2582
Max bandwidth (MB/sec): 140
Min bandwidth (MB/sec): 0
Average Latency:        0.607221
Stddev Latency:         0.428845
Max latency:            2.72129
Min latency:            0.093848
