 Maintaining 16 concurrent writes of 4194304 bytes for up to 60 seconds or 0 objects
 Object prefix: benchmark_data_ceph-radosbench-1_1
   sec Cur ops   started  finished  avg MB/s  cur MB/s  last lat   avg lat
     0       0         0         0         0         0         -         0
     1      16        38        22   87.9685        88  0.254989  0.383353
     2      16        64        48   95.9747       104   1.43991  0.478287
     3      16        86        70   93.3118        88  0.135841  0.545076
     4      16       104        88   87.9819        72  0.197507  0.537325
     5      16       120       104    83.184        64  0.129706  0.546754
     6      16       127       111   73.9864        28   3.44606  0.594414
     7      16       136       120   68.5597        36   0.09314  0.586157
     8      16       142       126   62.9894        24  0.097915  0.674448
     9      16       159       143   63.5445        68  0.113197  0.811226
    10      16       177       161    64.389        72   0.15884   0.87435
    11      16       191       175   63.6257        56   2.63762  0.916639
    12      16       203       187    62.323        48   3.03208  0.912841
    13      16       226       210   64.6049        92   0.14543   0.86941
    14      16       237       221   63.1328        44  0.096982  0.881596
    15      16       239       223   59.4574         8  0.093832  0.874534
    16      16       243       227   56.7414        16  0.141099  0.931019
    17      16       254       238   55.9915        44  0.575929   1.02065
    18      16       278       262   58.2135        96  0.138622   1.03738
    19      16       300       284   59.7806        88  0.113835   1.00278
2014-12-11 00:07:45.566852min lat: 0.09314 max lat: 5.69355 avg lat: 1.00029
   sec Cur ops   started  finished  avg MB/s  cur MB/s  last lat   avg lat
    20      16       311       295   58.9914        44  0.093338   1.00029
    21      16       316       300   57.1347        20   3.44988   1.02164
    22      16       331       315   57.2645        60  0.116483   1.01626
    23      16       333       317   55.1225         8  0.644911    1.0122
    24      16       336       320   53.3258        12   5.33777   1.05658
    25      16       355       339   54.2323        76   6.07805   1.09571
    26      16       376       360   55.3768        84  0.104813   1.07979
    27      16       387       371   54.9551        44  0.107194   1.11099
    28      16       412       396   56.5634       100  0.233208   1.08107
    29      16       436       420   57.9228        96   0.20985   1.05667
    30      16       448       432   57.5918        48  0.093888   1.03082
    31      16       448       432    55.734         0         -   1.03082
    32      16       459       443   55.3672        22  0.134118   1.04607
    33      16       474       458   55.5074        60  0.144175   1.07891
    34      16       494       478   56.2274        80  0.352012   1.09817
    35      16       526       510   58.2775       128  0.267247   1.07473
    36      16       553       537   59.6582       108  0.490564   1.04809
    37      16       573       557   60.2077        80  0.153673   1.04126
    38      16       592       576    60.623        76  0.093725   1.01632
    39      16       605       589   60.4018        52   0.81954   1.01464
2014-12-11 00:08:05.569565min lat: 0.09314 max lat: 6.11138 avg lat: 1.00775
   sec Cur ops   started  finished  avg MB/s  cur MB/s  last lat   avg lat
    40      16       611       595   59.4917        24  0.094914   1.00775
    41      16       616       600   58.5284        20  0.093347   1.00016
    42      16       635       619   58.9442        76  0.116287   1.04417
    43      16       641       625   58.1315        24  0.095991   1.05468
    44      16       658       642   58.3556        68   0.11188   1.06243
    45      16       675       659   58.5697        68  0.123956   1.05388
    46      16       689       673   58.5137        56  0.113068   1.05111
    47      16       692       676   57.5241        12  0.094469   1.04687
    48      16       692       676   56.3257         0         -   1.04687
    49      16       707       691   56.4006        30   0.09395   1.05126
    50      16       716       700   55.9925        36  0.093916   1.06446
    51      16       732       716   56.1494        64  0.148203   1.09199
    52      16       752       736   56.6079        80  0.094132   1.09067
    53      16       768       752   56.7472        64   3.33165   1.10147
    54      16       784       768   56.8814        64  0.095266     1.093
    55      16       798       782   56.8652        56  0.444614   1.08778
    56      16       814       798   56.9925        64  0.115908   1.08253
    57      16       825       809   56.7645        44  0.125526   1.08915
    58      16       851       835   57.5787       104  0.343353   1.07808
    59      16       879       863   58.5009       112  0.140676   1.07543
2014-12-11 00:08:25.571751min lat: 0.092679 max lat: 6.64282 avg lat: 1.06675
   sec Cur ops   started  finished  avg MB/s  cur MB/s  last lat   avg lat
    60      16       894       878   58.5257        60  0.093695   1.06675
    61      15       895       880   57.6974         8   2.61139    1.0674
    62      15       895       880   56.7668         0         -    1.0674
    63      13       895       882   55.9928         4   5.06874   1.07485
    64      13       895       882   55.1179         0         -   1.07485
    65      13       895       882     54.27         0         -   1.07485
 Total time run:         65.098591
Total writes made:      895
Write size:             4194304
Bandwidth (MB/sec):     54.994 

Stddev Bandwidth:       33.5692
Max bandwidth (MB/sec): 128
Min bandwidth (MB/sec): 0
Average Latency:        1.1528
Stddev Latency:         1.787
Max latency:            7.63483
Min latency:            0.092679
