 Maintaining 16 concurrent writes of 4194304 bytes for up to 60 seconds or 0 objects
 Object prefix: benchmark_data_ceph-radosbench-1_1
   sec Cur ops   started  finished  avg MB/s  cur MB/s  last lat   avg lat
     0       0         0         0         0         0         -         0
     1      16        40        24    95.975        96  0.125616   0.32744
     2      16        58        42   83.9827        72  0.369319   0.46505
     3      16        80        64   85.3176        88  0.294685  0.514938
     4      16        85        69    68.988        20  0.624328   0.58167
     5      16        97        81   64.7889        48  0.669076  0.626995
     6      16       113        97   64.6558        64  0.093917  0.635429
     7      16       124       108   61.7043        44  0.099599  0.688858
     8      16       129       113   56.4911        20  0.103338  0.662967
     9      16       148       132   58.6573        76  0.167792  0.824952
    10      16       165       149   59.5906        68  0.129531   0.93094
    11      16       186       170   61.8085        84  0.156178  0.915787
    12      16       206       190   63.3234        80  0.131253  0.883854
    13      16       219       203   62.4518        52  0.195639  0.882867
    14      16       235       219   62.5617        64  0.103274  0.870519
    15      16       248       232    61.857        52  0.111555  0.838813
    16      16       254       238   59.4908        24  0.101175  0.887779
    17      16       258       242   56.9323        16  0.095678  0.878887
    18      16       274       258   57.3245        64  0.106519  0.975702
    19      16       300       284   59.7802       104   4.76505   1.00972
2014-12-10 23:59:17.830345min lat: 0.093148 max lat: 6.83037 avg lat: 1.03085
   sec Cur ops   started  finished  avg MB/s  cur MB/s  last lat   avg lat
    20      16       307       291    58.191        28  0.164925   1.03085
    21      16       329       313   59.6098        88  0.245029   1.00961
    22      16       338       322   58.5364        36  0.208514   1.02215
    23      16       351       335   58.2518        52  0.093651  0.989982
    24      16       351       335   55.8247         0         -  0.989982
    25      16       356       340   54.3917        10  0.155432   1.02342
    26      16       362       346   53.2227        24  0.253479   1.05878
    27      16       387       371   54.9546       100  0.170624    1.0847
    28      16       396       380   54.2775        36  0.273401   1.10933
    29      16       416       400    55.164        80   0.09445   1.11689
    30      16       441       425   56.6581       100  0.237381   1.08131
    31      16       457       441   56.8946        64  0.276528   1.07038
    32      16       460       444   55.4916        12  0.544199   1.06487
    33      16       467       451   54.6584        28  0.094088   1.07861
    34      16       467       451   53.0508         0         -   1.07861
    35      16       476       460   52.5635        18  0.094239   1.09827
    36      16       489       473   52.5477        52  0.094406    1.1379
    37      16       501       485   52.4246        48    4.4508   1.17372
    38      16       517       501   52.7289        64  0.154723   1.16255
    39      16       525       509   52.1973        32  0.146985   1.16614
2014-12-10 23:59:37.833214min lat: 0.093148 max lat: 6.83037 avg lat: 1.15642
   sec Cur ops   started  finished  avg MB/s  cur MB/s  last lat   avg lat
    40      16       542       526   52.5921        68  0.102242   1.15642
    41      16       557       541   52.7726        60  0.099004   1.12747
    42      16       557       541   51.5161         0         -   1.12747
    43      16       562       546   50.7831        10  0.229201   1.15419
    44      16       584       568   51.6287        88  0.131494    1.1777
    45      16       596       580   51.5479        48  0.546318     1.186
    46      16       622       606   52.6878       104  0.125104   1.18893
    47      16       635       619   52.6729        52  0.232393   1.16884
    48      16       645       629   52.4088        40  0.094469   1.16956
    49      16       653       637   51.9922        32  0.093805   1.15638
    50      16       662       646   51.6722        36  0.243568   1.16693
    51      16       662       646   50.6591         0         -   1.16693
    52      16       680       664   51.0693        36  0.127821   1.18972
    53      16       708       692   52.2186       112  0.185943   1.19584
    54      16       729       713   52.8069        84  0.492092   1.18295
    55      16       746       730   53.0829        68  0.097738   1.17706
    56      16       764       748   53.4205        72     3.027   1.18061
    57      16       780       764   53.6059        64   0.10431   1.16054
    58      16       784       768   52.9575        16  0.095916   1.15779
    59      16       785       769   52.1277         4  0.093871    1.1564
2014-12-10 23:59:57.836309min lat: 0.093148 max lat: 6.85264 avg lat: 1.17662
   sec Cur ops   started  finished  avg MB/s  cur MB/s  last lat   avg lat
    60      16       800       784   52.2588        60   5.13121   1.17662
    61      16       801       785   51.4676         4   4.77764    1.1812
    62      15       801       786    50.702         4   4.89337   1.18593
    63      15       801       786   49.8972         0         -   1.18593
 Total time run:         63.238431
Total writes made:      801
Write size:             4194304
Bandwidth (MB/sec):     50.665 

Stddev Bandwidth:       31.8757
Max bandwidth (MB/sec): 112
Min bandwidth (MB/sec): 0
Average Latency:        1.26112
Stddev Latency:         1.97563
Max latency:            8.04911
Min latency:            0.093148
