 Maintaining 16 concurrent writes of 4194304 bytes for up to 60 seconds or 0 objects
 Object prefix: benchmark_data_ceph-radosbench-1_1
   sec Cur ops   started  finished  avg MB/s  cur MB/s  last lat   avg lat
     0       0         0         0         0         0         -         0
     1      16        28        12   47.9876        48  0.802471  0.466804
     2      16        37        21   41.9913        36   1.48198  0.866694
     3      16        46        30   39.9932        36   1.68713   1.13402
     4      16        55        39    38.994        36   1.74525   1.29299
     5      16        61        45   35.9945        24   1.80568   1.37439
     6      16        64        48   31.9954        12   2.53884   1.45458
     7      16        70        54   30.8529        24   3.00327   1.64904
     8      16        79        63   31.4959        36   1.95593   1.79952
     9      16        88        72   31.9957        36   1.62291   1.77699
    10      16        97        81   32.3958        36   1.78664   1.78714
    11      16       103        87   31.6323        24    2.0539   1.80596
    12      16       109        93   30.9961        24   2.05865   1.82934
    13      16       109        93   28.6118         0         -   1.82934
    14      16       115        99   28.2822        12   3.70091    1.9538
    15      16       127       111   29.5963        48   1.16941   2.06145
    16      16       136       120   29.9962        36   1.55943   2.01836
    17      16       145       129   30.3492        36   1.76218   2.00498
    18      16       154       138   30.6629        36    1.7469   1.99517
    19      16       160       144   30.3121        24   1.76796   1.99025
2014-12-10 23:41:14.518349min lat: 0.098182 max lat: 4.15004 avg lat: 1.99514
   sec Cur ops   started  finished  avg MB/s  cur MB/s  last lat   avg lat
    20      16       163       147   29.3965        12   2.12546   1.99514
    21      16       163       147   27.9966         0         -   1.99514
    22      16       175       159   28.9057        24    3.2119   2.11193
    23      16       184       168   29.2139        36   1.44024   2.11623
    24      16       193       177   29.4965        36   1.72548    2.0971
    25      16       202       186   29.7565        36   1.74328   2.08408
    26      16       208       192    29.535        24   1.69059   2.07594
    27      16       211       195   28.8855        12   1.74614   2.07244
    28      16       214       198   28.2824        12   2.97417   2.08759
    29      16       226       210   28.9622        48   2.76034   2.14571
    30      16       235       219   29.1966        36   1.41002   2.12487
    31      16       244       228    29.416        36   1.80305   2.11074
    32      16       253       237   29.6216        36   1.73274   2.10087
    33      16       262       246   29.8148        36   1.76696   2.09202
    34      16       265       249   29.2908        12   2.12225   2.09353
    35      16       265       249   28.4539         0         -   2.09353
    36      16       274       258   28.6634        18   3.40071   2.14845
    37      16       283       267   28.8616        36   1.32592   2.17122
    38      16       292       276   29.0493        36   1.74544   2.15447
    39      16       298       282   28.9198        24   1.76196   2.14886
2014-12-10 23:41:34.520428min lat: 0.098182 max lat: 4.15004 avg lat: 2.14123
   sec Cur ops   started  finished  avg MB/s  cur MB/s  last lat   avg lat
    40      16       307       291   29.0967        36   1.77649   2.14123
    41      16       310       294   28.6797        12    1.7547   2.13852
    42      16       313       297   28.2825        12   2.78924   2.14616
    43      16       322       306   28.4619        36   3.19367   2.18409
    44      16       331       315   28.6332        36   1.31785   2.19098
    45      16       340       324   28.7968        36    1.7509   2.17674
    46      16       349       333   28.9533        36   1.71015   2.16781
    47      16       358       342   29.1032        36   1.77355   2.15998
    48      16       361       345   28.7468        12   1.75973   2.15749
    49      16       364       348    28.405        12   2.84406   2.16429
    50      16       370       354   28.3169        24   3.21239    2.1854
    51      16       382       366   28.7028        48   1.22795   2.19619
    52      16       391       375    28.843        36   1.65698   2.18168
    53      16       397       381   28.7516        24   1.89559   2.17846
    54      16       406       390   28.8858        36   1.92341   2.17442
    55      16       412       396   28.7969        24   1.79006   2.17062
    56      16       412       396   28.2827         0         -   2.17062
    57      16       418       402   28.2075        12   3.38447   2.19109
    58      16       433       417   28.7555        60   1.14359   2.20277
    59      16       439       423   28.6749        24   1.45125   2.19213
2014-12-10 23:41:54.522354min lat: 0.098182 max lat: 4.15004 avg lat: 2.18346
   sec Cur ops   started  finished  avg MB/s  cur MB/s  last lat   avg lat
    60      16       448       432   28.7969        36   1.74668   2.18346
    61       8       449       441   28.9149        36   1.77168   2.17669
 Total time run:         61.780989
Total writes made:      449
Write size:             4194304
Bandwidth (MB/sec):     29.070 

Stddev Bandwidth:       13.683
Max bandwidth (MB/sec): 60
Min bandwidth (MB/sec): 0
Average Latency:        2.17217
Stddev Latency:         0.788763
Max latency:            4.15004
Min latency:            0.098182
