 Maintaining 16 concurrent writes of 4194304 bytes for up to 60 seconds or 0 objects
 Object prefix: benchmark_data_ceph-radosbench-1_1
   sec Cur ops   started  finished  avg MB/s  cur MB/s  last lat   avg lat
     0       0         0         0         0         0         -         0
     1      16        44        28   111.964       112  0.504882  0.295033
     2      16        67        51   101.976        92  0.740414  0.476681
     3      16        97        81   107.978       120  0.072793  0.462982
     4      16       127       111   110.979       120   0.55955   0.49484
     5      16       149       133    106.38        88  0.126416  0.531356
     6      16       173       157   104.648        96  0.102998  0.533506
     7      16       203       187   106.838       120  0.299461  0.535809
     8      16       230       214   106.981       108  0.749585  0.566659
     9      16       250       234   103.982        80  0.859506  0.561054
    10      16       272       256   102.383        88  0.602618  0.566609
    11      16       294       278   101.074        88  0.114047  0.596858
    12      16       311       295   98.3174        68  0.546696  0.596064
    13      16       329       313   96.2923        72  0.264447  0.614583
    14      16       363       347   99.1271       136  0.260386  0.632958
    15      16       381       365   97.3179        72  0.070865  0.628356
    16      16       416       400   99.9843       140  0.128213  0.625807
    17      16       439       423   99.5139        92  0.094486  0.606576
    18      16       464       448     99.54       100  0.090563  0.618226
    19      16       485       469   98.7215        84  0.582346  0.625668
2014-12-10 01:38:11.761245min lat: 0.064519 max lat: 3.26914 avg lat: 0.627101
   sec Cur ops   started  finished  avg MB/s  cur MB/s  last lat   avg lat
    20      16       513       497   99.3847       112  0.402153  0.627101
    21      16       535       519   98.8419        88  0.598662  0.631872
    22      16       564       548   99.6211       116  0.328232  0.627781
    23      16       588       572    99.463        96  0.109021  0.629294
    24      16       604       588    97.985        64  0.140242  0.630556
    25      16       625       609   97.4251        84  0.237314   0.63771
    26      16       650       634   97.5235       100  0.189823  0.640389
    27      16       670       654   96.8741        80  0.284917  0.640894
    28      16       696       680   97.1281       104  0.115954  0.628823
    29      16       709       693   95.5718        52  0.098284  0.622396
    30      16       715       699    93.186        24   5.02419  0.625431
    31      16       733       717   92.5024        72  0.138592  0.648642
    32      16       756       740   92.4863        92  0.100451  0.670021
    33      16       784       768   93.0771       112  0.119264  0.675824
    34      16       807       791   93.0451        92  0.276318  0.671108
    35      16       834       818   93.4719       108  0.067214  0.670991
    36      16       853       837   92.9863        76  0.393627  0.672287
    37      16       873       857   92.6351        80  0.107351  0.670767
    38      16       881       865   91.0393        32  0.065878  0.674705
    39      15       906       891   91.3713       104  0.335585  0.672966
2014-12-10 01:38:31.764002min lat: 0.064519 max lat: 5.06996 avg lat: 0.661063
   sec Cur ops   started  finished  avg MB/s  cur MB/s  last lat   avg lat
    40      16       931       915   91.4866        96  0.284218  0.661063
    41      16       944       928   90.5233        52  0.178111  0.654729
    42      16       956       940   89.5107        48  0.119816  0.670556
    43      16       975       959   89.1963        76   4.05716  0.696488
    44      16      1007       991   90.0777       128  0.145531  0.703075
    45      16      1039      1023     90.92       128  0.716377  0.698884
    46      16      1070      1054   91.6388       124  0.285096  0.692889
    47      16      1095      1079   91.8164       100  0.688142  0.690454
    48      16      1114      1098   91.4866        76  0.697965  0.690685
    49      16      1136      1120   91.4152        88   1.41195  0.693331
    50      16      1153      1137   90.9467        68   0.06732  0.690115
    51      16      1177      1161   91.0456        96  0.086714  0.693311
    52      16      1209      1193   91.7559       128  0.075255  0.693283
    53      16      1236      1220   92.0621       108  0.381904  0.687898
    54      16      1250      1234   91.3941        56  0.076355   0.69204
    55      16      1273      1257   91.4049        92  0.988126  0.695194
    56      15      1305      1290   92.1294       132  0.315696  0.689831
    57      16      1317      1301    91.285        44  0.862066  0.686963
    58      16      1333      1317   90.8144        64  0.067593  0.692403
    59      16      1355      1339   90.7665        88  0.353667  0.685825
2014-12-10 01:38:51.766873min lat: 0.064519 max lat: 6.40022 avg lat: 0.693808
   sec Cur ops   started  finished  avg MB/s  cur MB/s  last lat   avg lat
    60      16      1373      1357   90.4535        72  0.117413  0.693808
    61      13      1374      1361   89.2329        16  0.964126  0.694671
 Total time run:         61.544903
Total writes made:      1374
Write size:             4194304
Bandwidth (MB/sec):     89.301 

Stddev Bandwidth:       29.2097
Max bandwidth (MB/sec): 140
Min bandwidth (MB/sec): 0
Average Latency:        0.714188
Stddev Latency:         0.900313
Max latency:            6.40022
Min latency:            0.064519
