 Maintaining 16 concurrent writes of 4194304 bytes for up to 60 seconds or 0 objects
 Object prefix: benchmark_data_ceph-radosbench-1_1
   sec Cur ops   started  finished  avg MB/s  cur MB/s  last lat   avg lat
     0       0         0         0         0         0         -         0
     1      16        25         9   35.9905        36  0.960863  0.580074
     2      16        40        24   47.9896        60  0.823719  0.951364
     3      16        52        36   47.9909        48   1.18392   1.04596
     4      16        55        39   38.9924        12   1.19939    1.0793
     5      16        67        51   40.7918        48    1.7487   1.29634
     6      16        82        66   43.9916        60   1.28385   1.32933
     7      16        85        69    39.421        12   1.77058    1.3441
     8      16        97        81   40.4924        48   1.90778   1.42656
     9      16       109        93   41.3254        48   1.71207   1.43235
    10      16       118       102    40.792        36   2.21273   1.42838
    11      16       123       107   38.9014        20  0.624271   1.40764
    12      16       136       120   39.9923        52  0.835607   1.48381
    13      16       145       129   39.6845        36    1.8678   1.51218
    14      16       148       132   37.7069        12   1.60221   1.51859
    15      16       163       147   39.1925        60   0.92593   1.55215
    16      16       175       159   39.7425        48   1.80742   1.54912
    17      16       178       162   38.1105        12   1.12348   1.54121
    18      16       187       171    37.993        36   2.96883   1.57223
    19      16       195       179   37.6772        32   2.79747   1.60511
2015-02-01 02:24:52.426268min lat: 0.189272 max lat: 3.36899 avg lat: 1.61699
   sec Cur ops   started  finished  avg MB/s  cur MB/s  last lat   avg lat
    20      16       203       187    37.393        32   2.00794   1.61699
    21      16       212       196   37.3263        36   1.85855   1.64073
    22      16       224       208   37.8111        48  0.793514   1.63773
    23      16       233       217    37.732        36   1.84019   1.62805
    24      16       239       223   37.1596        24   1.30881   1.61616
    25      16       248       232   37.1129        36   1.18714   1.63192
    26      16       260       244   37.5313        48   1.20398   1.65571
    27      16       263       247   36.5856        12   1.00965   1.65026
    28      16       273       257   36.7069        40   2.62564   1.66759
    29      16       284       268   36.9581        44  0.677683   1.67207
    30      16       293       277    36.926        36   2.00613   1.67177
    31      16       302       286   36.8959        36   2.11661   1.68437
    32      16       312       296   36.9927        40  0.508574   1.67843
    33      16       320       304   36.8412        32  0.908849   1.66411
    34      16       328       312   36.6987        32   2.99923   1.67146
    35      16       338       322   36.7928        40   0.99992   1.69028
    36      16       347       331   36.7706        36   1.90484   1.69282
    37      16       356       340   36.7496        36   2.06393    1.6983
    38      16       367       351   36.9401        44   0.95268    1.6968
    39      16       376       360   36.9158        36   1.78903   1.69338
2015-02-01 02:25:12.430392min lat: 0.189272 max lat: 3.56724 avg lat: 1.69596
   sec Cur ops   started  finished  avg MB/s  cur MB/s  last lat   avg lat
    40      16       382       366   36.5928        24   1.80306   1.69596
    41      16       394       378   36.8708        48   1.70319   1.70421
    42      16       404       388   36.9451        40   1.01903   1.69788
    43      16       409       393   36.5509        20  0.770432   1.68778
    44      16       422       406   36.9018        52   2.88113   1.70003
    45      16       431       415   36.8816        36  0.807584   1.70268
    46      16       439       423   36.7753        32   2.00775    1.7034
    47      16       448       432   36.7586        36   0.22333   1.69579
    48      16       460       444   36.9926        48   2.62059   1.69118
    49      16       466       450   36.7273        24  0.214124   1.68908
    50      16       470       454   36.3127        16  0.291087   1.67705
    51      16       478       462    36.228        32  0.457732   1.70022
    52      16       486       470   36.1465        32  0.778605   1.72059
    53      16       500       484   36.5209        56  0.219255   1.71567
    54      16       509       493   36.5111        36   2.40532   1.71864
    55      16       516       500   36.3562        28  0.784779   1.71479
    56      16       524       508   36.2783        32  0.587844   1.71307
    57      16       528       512   35.9225        16   3.98226   1.72437
    58      16       539       523   36.0616        44  0.437923   1.73591
    59      16       548       532   36.0604        36  0.212323   1.74162
2015-02-01 02:25:32.434772min lat: 0.177263 max lat: 4.37122 avg lat: 1.73592
   sec Cur ops   started  finished  avg MB/s  cur MB/s  last lat   avg lat
    60      16       555       539    35.926        28  0.488767   1.73592
    61      16       556       540   35.4026         4    2.4021   1.73715
    62      13       556       543   35.0251        12   1.38091   1.74258
    63      13       556       543   34.4692         0         -   1.74258
 Total time run:         63.245357
Total writes made:      556
Write size:             4194304
Bandwidth (MB/sec):     35.165 

Stddev Bandwidth:       14.3603
Max bandwidth (MB/sec): 60
Min bandwidth (MB/sec): 0
Average Latency:        1.80948
Stddev Latency:         0.995998
Max latency:            5.51292
Min latency:            0.177263
