 Maintaining 16 concurrent writes of 4194304 bytes for up to 60 seconds or 0 objects
 Object prefix: benchmark_data_ceph-radosbench-1_1
   sec Cur ops   started  finished  avg MB/s  cur MB/s  last lat   avg lat
     0       0         0         0         0         0         -         0
     1      16        40        24   95.9664        96  0.403067  0.435522
     2      16        63        47   93.9756        92  0.842888  0.549802
     3      16        84        68   90.6471        84  0.518827   0.60231
     4      16       105        89   88.9828        84    0.4294  0.618773
     5      16       125       109   87.1842        80  0.626798    0.6692
     6      16       138       122   81.3193        52  0.141243  0.707807
     7      16       166       150   85.6999       112  0.323122  0.691937
     8      16       193       177   88.4855       108  0.778578  0.695618
     9      16       220       204    90.652       108  0.685677  0.683901
    10      16       239       223   89.1854        76  0.873221  0.679928
    11      16       250       234    85.077        44  0.838783  0.681324
    12      16       259       243   80.9868        36   1.92523   0.73805
    13      16       278       262   80.6026        76    1.3192  0.756597
    14      16       303       287   81.9871       100    0.2971  0.762797
    15      16       326       310   82.6537        92  0.384417   0.74816
    16      16       350       334   83.4869        96  0.486712  0.745458
    17      16       371       355   83.5165        84  0.340878  0.737782
    18      16       389       373   82.8761        72  0.414407  0.732316
    19      16       399       383   80.6191        40   2.01159  0.753416
2014-12-10 23:52:07.535469min lat: 0.124419 max lat: 2.77784 avg lat: 0.780302
   sec Cur ops   started  finished  avg MB/s  cur MB/s  last lat   avg lat
    20      16       412       396   79.1879        52   1.29417  0.780302
    21      16       441       425     80.94       116  0.262528  0.777099
    22      16       467       451   81.9875       104  0.568858  0.768179
    23      16       495       479   83.2917       112   0.30986  0.756063
    24      16       521       505   84.1539       104  0.602292  0.747559
    25      16       535       519   83.0273        56  0.226706  0.741687
    26      16       547       531   81.6799        48   1.49036  0.764807
    27      16       557       541   80.1359        40   1.12708  0.770812
    28      16       574       558   79.7021        68  0.631955  0.767546
    29      16       597       581   80.1257        92  0.981878  0.787912
    30      16       623       607   80.9209       104   0.19927  0.780642
    31      16       644       628   81.0199        84  0.223314   0.77298
    32      16       663       647   80.8627        76  0.306583  0.775503
    33      16       680       664   80.4726        68  0.283939  0.780652
    34      16       695       679   79.8702        60   1.20962  0.785329
    35      16       705       689   78.7309        40  0.817515  0.787175
    36      16       720       704   78.2103        60   1.81191   0.80466
    37      16       745       729   78.7989       100  0.524501  0.803173
    38      16       766       750   78.9354        84  0.206065  0.794609
    39      16       783       767   78.6548        68  0.384676  0.797271
2014-12-10 23:52:27.538451min lat: 0.094642 max lat: 3.25211 avg lat: 0.798398
   sec Cur ops   started  finished  avg MB/s  cur MB/s  last lat   avg lat
    40      16       807       791   79.0881        96  0.094915  0.798398
    41      16       829       813   79.3051        88  0.135134  0.795077
    42      16       839       823   78.3691        40   1.51767  0.798216
    43      16       853       837   77.8488        56  0.118285  0.807642
    44      16       877       861   78.2611        96  0.267997   0.80412
    45      16       889       873   77.5885        48  0.141159  0.801908
    46      16       901       885   76.9451        48  0.138072  0.794776
    47      16       921       905   77.0098        80  0.224392  0.811933
    48      16       943       927   77.2385        88  0.205402  0.817451
    49      16       956       940   76.7233        52   1.64673  0.820955
    50      16       979       963   77.0285        92  0.475866  0.822476
    51      15      1004       989    77.557       104  0.501874  0.819519
    52      16      1033      1017    78.219       112  0.623271  0.813043
    53      16      1050      1034    78.026        68  0.472798  0.809713
    54      16      1074      1058   78.3586        96  0.137456  0.809317
    55      16      1095      1079    78.461        84  0.203454  0.806378
    56      16      1105      1089   77.7741        40  0.208998  0.808082
    57      16      1119      1103   77.3919        56  0.157799  0.812927
    58      16      1148      1132   78.0572       116  0.330989  0.816528
    59      16      1168      1152     78.09        80  0.148915  0.812082
2014-12-10 23:52:47.541429min lat: 0.094419 max lat: 3.53244 avg lat: 0.808196
   sec Cur ops   started  finished  avg MB/s  cur MB/s  last lat   avg lat
    60      16      1181      1165    77.655        52  0.329077  0.808196
    61      16      1182      1166   76.4475         4  0.263657  0.807729
 Total time run:         61.092011
Total writes made:      1182
Write size:             4194304
Bandwidth (MB/sec):     77.391 

Stddev Bandwidth:       26.8068
Max bandwidth (MB/sec): 116
Min bandwidth (MB/sec): 0
Average Latency:        0.826895
Stddev Latency:         0.640454
Max latency:            3.53244
Min latency:            0.094419
