 Maintaining 16 concurrent writes of 4194304 bytes for up to 60 seconds or 0 objects
 Object prefix: benchmark_data_ceph-radosbench-1_1
   sec Cur ops   started  finished  avg MB/s  cur MB/s  last lat   avg lat
     0       0         0         0         0         0         -         0
     1      16        41        25   99.9655       100  0.127481  0.257121
     2      16        65        49   97.9747        96  0.425958  0.442201
     3      16        94        78   103.977       116   0.21293  0.454668
     4      16       121       105   104.979       108  0.438936  0.500362
     5      16       140       124   99.1812        76   1.40996  0.492682
     6      16       170       154   102.648       120  0.355402   0.55764
     7      16       203       187   106.838       132  0.206792  0.572599
     8      16       229       213   106.481       104  0.251276  0.559278
     9      16       259       243    107.98       120  0.367738  0.562927
    10      16       287       271   108.381       112  0.370102  0.556536
    11      16       305       289   105.073        72  0.212996  0.556963
    12      16       336       320   106.648       124  0.220857   0.54461
    13      16       366       350   107.673       120  0.255363  0.548356
    14      16       395       379   108.267       116  0.256558  0.577457
    15      16       427       411   109.581       128  0.286059  0.574751
    16      16       454       438   109.481       108  0.351024  0.571443
    17      16       479       463   108.923       100  0.177541  0.578177
    18      16       510       494   109.759       124  0.601589  0.570826
    19      16       531       515   108.402        84  0.165124  0.567906
2014-12-11 00:51:09.669618min lat: 0.103158 max lat: 4.76109 avg lat: 0.557436
   sec Cur ops   started  finished  avg MB/s  cur MB/s  last lat   avg lat
    20      16       556       540   107.981       100  0.973138  0.557436
    21      16       585       569   108.361       116  0.279495  0.566466
    22      16       615       599   108.889       120  0.342204  0.572393
    23      16       642       626    108.85       108  0.263695  0.577964
    24      16       673       657    109.48       124  0.468652  0.576428
    25      16       699       683   109.261       104  0.238493  0.571228
    26      16       729       713   109.673       120  0.397585  0.571197
    27      16       760       744   110.203       124  0.450098   0.56755
    28      16       783       767   109.552        92  0.255039  0.572551
    29      16       815       799   110.188       128  0.638433  0.570209
    30      16       844       828   110.381       116  0.475362  0.569963
    31      16       873       857   110.561       116   1.67482  0.571447
    32      16       900       884   110.481       108  0.231971  0.569479
    33      16       928       912   110.526       112  0.516533  0.570293
    34      16       954       938   110.334       104  0.548327  0.572175
    35      16       984       968    110.61       120    0.5622  0.572311
    36      16      1008       992   110.203        96  0.642248  0.568042
    37      16      1027      1011   109.279        76  0.093695  0.566244
    38      16      1058      1042   109.666       124  0.411233  0.569961
    39      16      1089      1073   110.033       124  0.370583  0.577057
2014-12-11 00:51:29.672771min lat: 0.093514 max lat: 4.76109 avg lat: 0.577079
   sec Cur ops   started  finished  avg MB/s  cur MB/s  last lat   avg lat
    40      16      1114      1098   109.782       100  0.567667  0.577079
    41      16      1145      1129   110.128       124  0.322651  0.575787
    42      16      1175      1159   110.362       120   0.23142  0.574085
    43      16      1197      1181   109.842        88   0.27814  0.573182
    44      16      1228      1212   110.163       124  0.211949  0.574291
    45      16      1252      1236   109.848        96  0.337174  0.572582
    46      16      1278      1262   109.721       104   1.12493  0.577234
    47      16      1313      1297   110.365       140  0.456429  0.576027
    48      16      1341      1325   110.398       112   1.06429  0.575124
    49      16      1365      1349   110.104        96   1.58931  0.576443
    50      15      1396      1381   110.462       128   2.06934  0.573991
    51      16      1422      1406   110.256       100  0.749434   0.57465
    52      16      1447      1431   110.058       100     2.738  0.577124
    53      16      1475      1459   110.095       112  0.276516  0.574782
    54      16      1506      1490   110.352       124  0.674218  0.575384
    55      16      1538      1522   110.672       128  0.330403  0.575874
    56      16      1560      1544   110.267        88  0.133149  0.574772
    57      16      1588      1572   110.297       112   0.92728  0.576008
    58      16      1620      1604   110.602       128  0.253042  0.575942
    59      16      1645      1629   110.422       100  0.589876  0.574642
2014-12-11 00:51:49.676157min lat: 0.093514 max lat: 4.76109 avg lat: 0.573739
   sec Cur ops   started  finished  avg MB/s  cur MB/s  last lat   avg lat
    60      16      1673      1657   110.448       112  0.272129  0.573739
 Total time run:         60.699444
Total writes made:      1674
Write size:             4194304
Bandwidth (MB/sec):     110.314 

Stddev Bandwidth:       20.4246
Max bandwidth (MB/sec): 140
Min bandwidth (MB/sec): 0
Average Latency:        0.579317
Stddev Latency:         0.554207
Max latency:            4.76109
Min latency:            0.093514
