 Maintaining 16 concurrent writes of 4194304 bytes for up to 60 seconds or 0 objects
 Object prefix: benchmark_data_ceph-radosbench-1_1
   sec Cur ops   started  finished  avg MB/s  cur MB/s  last lat   avg lat
     0       0         0         0         0         0         -         0
     1      16        27        11   43.9831        44   0.88773  0.595566
     2      16        39        23   45.9873        48   1.37841  0.930329
     3      16        54        38   50.6548        60  0.817255   1.01014
     4      16        63        47   46.9901        36   1.13873   1.05153
     5      16        75        59   47.1906        48   2.02217   1.14823
     6      16        81        65   43.3251        24   1.86671   1.21247
     7      16        90        74    42.278        36   1.25479   1.24784
     8      16        99        83   41.4927        36   1.78445   1.35162
     9      16       117       101   44.8558        72  0.517159   1.34222
    10      16       124       108   43.1707        28  0.744525   1.32382
    11      16       134       118    42.882        40  0.710512   1.33865
    12      16       144       128   42.6415        40   2.45425   1.38002
    13      16       148       132   40.5928        16  0.875996   1.36622
    14      16       157       141   40.2645        36   1.08063   1.44121
    15      16       171       155   41.3126        56  0.812207   1.44491
    16      16       180       164   40.9804        36   2.09513   1.46232
    17      16       189       173   40.6872        36   1.39501   1.47241
    18      16       201       185   41.0929        48   1.56713   1.49563
    19      16       207       191   40.1933        24   1.84474    1.4975
2015-01-13 08:05:04.238899min lat: 0.179671 max lat: 3.82313 avg lat: 1.51814
   sec Cur ops   started  finished  avg MB/s  cur MB/s  last lat   avg lat
    20      16       222       206   41.1781        60   1.76476   1.51814
    21      16       234       218   41.5024        48   1.26748   1.50081
    22      16       243       227   41.2522        36   1.39337   1.49164
    23      15       254       239   41.5452        48  0.825217    1.4908
    24      16       261       245   40.8142        24   1.23221   1.49506
    25      16       269       253   40.4616        32   1.03186   1.49721
    26      16       281       265   40.7498        48   1.82042   1.52681
    27      16       296       280   41.4622        60   1.41558   1.51191
    28      16       304       288   41.1242        32   1.00657   1.50622
    29      16       313       297   40.9474        36   2.46233   1.51965
    30      16       322       306   40.7824        36   1.39464    1.5206
    31      16       328       312    40.241        24   2.40752   1.52651
    32      16       343       327   40.8512        60   1.64361   1.54479
    33      16       354       338   40.9464        44  0.903304   1.53128
    34      16       363       347   40.8008        36   1.43653   1.53008
    35      15       373       358    40.892        44   2.15562    1.5303
    36      16       380       364   40.4228        24   1.40525   1.53052
    37      16       386       370   39.9791        24   1.19744   1.52971
    38      16       402       386   40.6081        64  0.427173   1.55118
    39      16       415       399   40.8999        52  0.555192   1.53607
2015-01-13 08:05:24.250479min lat: 0.179671 max lat: 3.82313 avg lat: 1.53557
   sec Cur ops   started  finished  avg MB/s  cur MB/s  last lat   avg lat
    40      16       420       404   40.3776        20   1.99052   1.53557
    41      16       432       416   40.5632        48   2.35101   1.54303
    42      16       444       428     40.74        48   1.23512   1.54525
    43      16       447       431   40.0719        12   1.16926   1.54276
    44      16       461       445   40.4335        56   2.17796   1.55814
    45      16       475       459   40.7792        56   0.49927   1.54369
    46      16       485       469   40.7621        40  0.558355   1.53753
    47      16       493       477   40.5756        32   2.36627   1.54005
    48      16       504       488   40.6468        44  0.626305   1.53943
    49      16       506       490   39.9808         8   0.98384   1.53587
    50      16       517       501    40.061        44  0.176031   1.54738
    51      16       528       512   40.1381        44   3.00613   1.56733
    52      16       538       522   40.1353        40   2.39643   1.56393
    53      16       544       528   39.8309        24  0.583481   1.56224
    54      16       555       539    39.908        44  0.669216   1.56562
    55      16       565       549   39.9095        40    1.1036    1.5748
    56      16       571       555   39.6255        24   0.50486   1.56438
    57      16       584       568   39.8424        52  0.558059   1.57843
    58      16       593       577    39.776        36   2.12471    1.5819
    59      16       605       589   39.9153        48   1.39129    1.5836
2015-01-13 08:05:44.253420min lat: 0.107624 max lat: 3.82313 avg lat: 1.58401
   sec Cur ops   started  finished  avg MB/s  cur MB/s  last lat   avg lat
    60      16       614       598   39.8499        36   1.60626   1.58401
    61      16       615       599   39.2624         4   1.26033   1.58347
    62      16       615       599   38.6293         0         -   1.58347
 Total time run:         62.663654
Total writes made:      615
Write size:             4194304
Bandwidth (MB/sec):     39.257 

Stddev Bandwidth:       15.3223
Max bandwidth (MB/sec): 72
Min bandwidth (MB/sec): 0
Average Latency:        1.63017
Stddev Latency:         0.806443
Max latency:            4.36633
Min latency:            0.107624
