 Maintaining 16 concurrent writes of 4194304 bytes for up to 60 seconds or 0 objects
 Object prefix: benchmark_data_ceph-radosbench-1_1
   sec Cur ops   started  finished  avg MB/s  cur MB/s  last lat   avg lat
     0       0         0         0         0         0         -         0
     1      16        38        22   87.9717        88  0.617094  0.462336
     2      16        64        48   95.9763       104  0.872067  0.529603
     3      16        94        78   103.977       120  0.430204  0.537379
     4      16       123       107   106.979       116   1.59794  0.526239
     5      16       149       133    106.38       104  0.323534  0.523654
     6      16       175       159    105.98       104  0.508111  0.544175
     7      16       206       190   108.552       124  0.909192  0.575308
     8      16       235       219   109.481       116  0.488617  0.557384
     9      16       261       245    108.87       104  0.537856   0.55447
    10      15       289       274   109.581       116  0.269642  0.547343
    11      16       320       304   110.527       120  0.410109  0.543901
    12      16       345       329   109.648       100  0.177409  0.522522
    13      16       376       360    110.75       124  0.225067  0.530125
    14      16       403       387   110.553       108  0.299536   0.52497
    15      16       428       412   109.848       100  0.385971  0.533622
    16      16       461       445   111.232       132  0.241484  0.541329
    17      16       487       471   110.805       104  0.223103  0.548088
    18      16       512       496   110.204       100   4.58495  0.545823
    19      16       543       527   110.929       124  0.305857  0.559532
2014-12-11 02:07:14.989432min lat: 0.120859 max lat: 5.063 avg lat: 0.560286
   sec Cur ops   started  finished  avg MB/s  cur MB/s  last lat   avg lat
    20      16       567       551   110.182        96  0.308451  0.560286
    21      16       599       583    111.03       128  0.263563  0.567692
    22      16       628       612   111.255       116  0.701685  0.565135
    23      16       655       639   111.112       108  0.789136  0.565516
    24      16       683       667   111.149       112   0.28426  0.565342
    25      16       709       693   110.862       104  0.267944  0.564799
    26      16       736       720   110.752       108  0.228787  0.568289
    27      16       768       752    111.39       128  0.366707  0.567228
    28      16       797       781   111.554       116  0.276345  0.566403
    29      16       820       804   110.879        92  0.310569   0.56593
    30      16       851       835   111.316       124  0.864545  0.568921
    31      16       879       863   111.337       112  0.451288  0.567215
    32      16       906       890   111.232       108  0.360937  0.569875
    33      16       935       919   111.376       116  0.625457  0.568439
    34      16       963       947   111.394       112   0.49771   0.56616
    35      16       990       974   111.297       108   0.28007  0.566828
    36      16      1021      1005   111.649       124  0.566336  0.567764
    37      16      1045      1029   111.226        96   2.16452  0.569166
    38      16      1075      1059   111.456       120  0.252801  0.567994
    39      16      1103      1087    111.47       112  0.323637  0.566273
2014-12-11 02:07:34.992389min lat: 0.120859 max lat: 5.063 avg lat: 0.563344
   sec Cur ops   started  finished  avg MB/s  cur MB/s  last lat   avg lat
    40      16      1130      1114   111.383       108  0.401982  0.563344
    41      16      1160      1144   111.592       120  0.255945  0.567655
    42      16      1189      1173   111.697       116  0.278136  0.562303
    43      16      1215      1199   111.518       104  0.616631  0.560662
    44      16      1244      1228   111.619       116  0.631774  0.555726
    45      16      1271      1255   111.538       108  0.114135  0.556945
    46      16      1295      1279     111.2        96  0.169189  0.562786
    47      16      1330      1314   111.813       140  0.192625  0.565378
    48      16      1357      1341   111.733       108  0.173081  0.564239
    49      16      1383      1367   111.575       104  0.346502  0.566594
    50      16      1412      1396   111.663       116  0.599246  0.566505
    51      16      1438      1422   111.512       104  0.619106  0.566454
    52      16      1467      1451   111.599       116   1.79533  0.567403
    53      16      1493      1477   111.455       104  0.309716   0.56902
    54      16      1522      1506   111.539       116  0.339664  0.569238
    55      16      1551      1535    111.62       116  0.205678  0.569291
    56      16      1582      1566    111.84       124  0.259493  0.567965
    57      16      1606      1590   111.562        96  0.248541  0.568071
    58      16      1637      1621   111.776       124  0.877618  0.567401
    59      16      1662      1646   111.577       100  0.522588  0.568795
2014-12-11 02:07:54.995137min lat: 0.099856 max lat: 5.063 avg lat: 0.568352
   sec Cur ops   started  finished  avg MB/s  cur MB/s  last lat   avg lat
    60      16      1685      1669    111.25        92   1.74123  0.568352
    61      12      1686      1674   109.754        20   2.31651  0.569928
 Total time run:         61.018296
Total writes made:      1686
Write size:             4194304
Bandwidth (MB/sec):     110.524 

Stddev Bandwidth:       21.0043
Max bandwidth (MB/sec): 140
Min bandwidth (MB/sec): 0
Average Latency:        0.577308
Stddev Latency:         0.614518
Max latency:            5.063
Min latency:            0.099856
