 Maintaining 16 concurrent writes of 4194304 bytes for up to 60 seconds or 0 objects
 Object prefix: benchmark_data_ceph-radosbench-1_1
   sec Cur ops   started  finished  avg MB/s  cur MB/s  last lat   avg lat
     0       0         0         0         0         0         -         0
     1      16        39        23   91.9662        92  0.338208  0.378736
     2      16        63        47   93.9746        96  0.268113  0.445643
     3      16        88        72   95.9783       100  0.419115   0.49672
     4      16       119       103   102.979       124  0.596755  0.530292
     5      16       142       126    100.78        92  0.481404  0.519694
     6      16       167       151   100.646       100   3.47465  0.542779
     7      16       201       185   105.693       136   0.24682  0.576923
     8      16       222       206    102.98        84  0.272187  0.578176
     9      16       247       231   102.648       100  0.531285  0.584062
    10      16       274       258   103.181       108  0.198965  0.592547
    11      16       303       287   104.345       116  0.320105  0.582023
    12      16       328       312   103.982       100  0.197145  0.588129
    13      16       353       337   103.675       100  0.407034  0.585432
    14      16       378       362   103.411       100  0.474351  0.599895
    15      16       397       381   101.583        76  0.269699  0.598767
    16      16       426       410   102.483       116  0.373912  0.610083
    17      16       454       438   103.042       112  0.254765  0.598712
    18      16       480       464   103.094       104   0.60302  0.606781
    19      16       505       489   102.931       100  0.271381  0.606409
2014-12-10 20:40:47.361467min lat: 0.097735 max lat: 3.47465 avg lat: 0.599992
   sec Cur ops   started  finished  avg MB/s  cur MB/s  last lat   avg lat
    20      16       523       507   101.384        72  0.297777  0.599992
    21      16       548       532   101.318       100  0.452198  0.594266
    22      16       568       552   100.348        80  0.317314  0.617444
    23      16       595       579    100.68       108  0.414473  0.621545
    24      16       623       607   101.151       112  0.949577  0.619056
    25      16       651       635   101.585       112  0.220131  0.620635
    26      16       675       659   101.369        96  0.551634  0.621889
    27      16       704       688    101.91       116   1.12962   0.62005
    28      16       725       709    101.27        84  0.266802  0.614999
    29      16       744       728   100.399        76  0.231755  0.611081
    30      16       768       752   100.252        96   0.26667  0.618531
    31      15       798       783   101.017       124  0.571184  0.626651
    32      16       820       804   100.485        84  0.130417  0.625942
    33      16       855       839   101.682       140  0.157811  0.624119
    34      16       879       863   101.514        96   0.26222  0.623574
    35      16       902       886   101.242        92  0.374957  0.620189
    36      16       927       911   101.207       100   0.13407  0.621139
    37      16       955       939   101.498       112  0.300438   0.62385
    38      16       983       967   101.774       112  0.378917  0.623771
    39      16      1008       992   101.729       100   1.04659  0.621001
2014-12-10 20:41:07.364227min lat: 0.096202 max lat: 3.47465 avg lat: 0.617721
   sec Cur ops   started  finished  avg MB/s  cur MB/s  last lat   avg lat
    40      16      1037      1021   102.085       116  0.294637  0.617721
    41      16      1057      1041   101.546        80  0.351652  0.618738
    42      16      1088      1072    102.08       124  0.265227  0.619723
    43      16      1108      1092   101.566        80   1.65237   0.62106
    44      16      1138      1122   101.985       120   0.32152  0.622881
    45      16      1166      1150   102.207       112  0.411641  0.621499
    46      16      1191      1175   102.159       100  0.407539  0.618512
    47      16      1220      1204   102.453       116  0.348801  0.618373
    48      16      1247      1231   102.568       108  0.805476  0.619311
    49      16      1265      1249   101.944        72   1.33638  0.619552
    50      16      1287      1271   101.665        88   0.37535  0.621211
    51      16      1312      1296   101.632       100  0.361125  0.621109
    52      16      1343      1327   102.062       124  0.449694  0.622733
    53      16      1369      1353   102.099       104  0.659523  0.621461
    54      16      1398      1382   102.356       116  0.189539  0.621275
    55      16      1417      1401   101.876        76  0.455865  0.622143
    56      16      1443      1427   101.914       104  0.608351  0.622358
    57      16      1464      1448   101.599        84  0.241831   0.62216
    58      16      1477      1461   100.744        52  0.286364  0.619164
    59      16      1508      1492   101.138       124  0.332518  0.628199
2014-12-10 20:41:27.366905min lat: 0.093956 max lat: 3.47465 avg lat: 0.628159
   sec Cur ops   started  finished  avg MB/s  cur MB/s  last lat   avg lat
    60      16      1535      1519   101.252       108   0.56188  0.628159
 Total time run:         60.861009
Total writes made:      1536
Write size:             4194304
Bandwidth (MB/sec):     100.951 

Stddev Bandwidth:       21.2503
Max bandwidth (MB/sec): 140
Min bandwidth (MB/sec): 0
Average Latency:        0.632785
Stddev Latency:         0.544415
Max latency:            3.47465
Min latency:            0.093956
