 Maintaining 16 concurrent writes of 4194304 bytes for up to 60 seconds or 0 objects
 Object prefix: benchmark_data_ceph-radosbench-1_1
   sec Cur ops   started  finished  avg MB/s  cur MB/s  last lat   avg lat
     0       0         0         0         0         0         -         0
     1      16        23         7   27.9907        28  0.928745  0.683084
     2      16        32        16   31.9924        36    1.2097   1.12159
     3      16        41        25   33.3269        36    1.7877    1.3418
     4      16        47        31   30.9945        24    2.0193   1.45084
     5      16        53        37   29.5953        24   2.34803   1.64033
     6      16        64        48   31.9952        44    2.4515   1.73723
     7      16        71        55   31.4239        28  0.874208   1.67895
     8      16        76        60   29.9957        20  0.874519   1.69481
     9      16        83        67   29.7737        28   1.27288     1.726
    10      16        89        73   29.1961        24  0.992979   1.78333
    11      16        94        78   28.3598        20   4.38413   1.88308
    12      16       102        86   28.6628        32  0.239919   1.87391
    13      16       111        95   29.2269        36  0.404725   1.94823
    14      16       118       102    29.139        28  0.872568   1.94845
    15      16       124       108   28.7962        24   3.36292   1.96866
    16      16       132       116   28.9963        32    1.2989   1.99631
    17      16       132       116   27.2907         0         -   1.99631
    18      16       144       128   28.4409        24   2.05986   2.12573
    19      16       153       137   28.8384        36   1.71483   2.13018
2014-12-09 22:52:32.828008min lat: 0.199259 max lat: 5.36716 avg lat: 2.10304
   sec Cur ops   started  finished  avg MB/s  cur MB/s  last lat   avg lat
    20      16       162       146   29.1963        36   2.10281   2.10304
    21      16       168       152   28.9488        24   2.48036   2.10283
    22      16       174       158   28.7236        24   2.02107    2.1112
    23      16       180       164   28.5181        24   1.95097   2.12103
    24      16       183       167   27.8297        12   2.93547   2.13271
    25      16       192       176   28.1563        36   1.73809   2.15785
    26      16       201       185   28.4578        36   1.72602   2.16178
    27      16       209       193   28.5888        32  0.710462   2.12685
    28      16       217       201   28.7105        32  0.921045   2.09977
    29      16       221       205   28.2721        16   1.18879   2.10633
    30      16       228       212   28.2629        28   4.37481   2.11831
    31      16       236       220   28.3833        32   1.67849   2.16704
    32      16       242       226   28.2463        24   1.10659   2.17157
    33      16       250       234   28.3599        32  0.533405   2.14569
    34      16       254       238   27.9963        16  0.314486   2.15376
    35      16       259       243   27.7678        20  0.208058   2.15848
    36      16       263       247   27.4409        16   4.41014   2.18086
    37      16       271       255   27.5639        32   4.45535   2.20584
    38      16       277       261     27.47        24  0.317706   2.22669
    39      16       284       268   27.4835        28  0.200601   2.22332
2014-12-09 22:52:52.830751min lat: 0.199259 max lat: 5.36716 avg lat: 2.21422
   sec Cur ops   started  finished  avg MB/s  cur MB/s  last lat   avg lat
    40      16       292       276   27.5964        32  0.386587   2.21422
    41      16       299       283   27.6061        28  0.600194   2.21239
    42      16       305       289   27.5202        24   4.98522   2.23033
    43      16       310       294   27.3453        20  0.561265   2.24636
    44      16       317       301   27.3601        28   3.14828   2.26991
    45      16       326       310    27.552        36   1.66858   2.26313
    46      16       332       316   27.4748        24     3.197   2.26697
    47      16       342       326   27.7412        40  0.816457   2.25026
    48      16       343       327   27.2466         4  0.794016   2.24581
    49      16       353       337   27.5067        40   3.37139   2.25784
    50      16       363       347   27.7565        40   3.15356   2.26061
    51      16       366       350   27.4475        12   2.75114    2.2659
    52      16       373       357   27.4581        28   3.74538   2.27228
    53      16       379       363   27.3928        24   3.94355   2.28239
    54      16       385       369     27.33        24  0.690802   2.26182
    55      16       391       375   27.2694        24  0.797912   2.26759
    56      16       400       384   27.4252        36   0.83768   2.27383
    57      16       409       393   27.5756        36   2.42238   2.27889
    58      16       415       399   27.5139        24    1.7367   2.28153
    59      16       423       407   27.5899        32   1.01458   2.27547
2014-12-09 22:53:12.832738min lat: 0.199259 max lat: 5.36716 avg lat: 2.25916
   sec Cur ops   started  finished  avg MB/s  cur MB/s  last lat   avg lat
    60      16       428       412   27.4634        20  0.993873   2.25916
    61      15       429       414   27.1443         8  0.394498   2.25112
    62      14       429       415    26.771         4   4.36163   2.25621
 Total time run:         62.789209
Total writes made:      429
Write size:             4194304
Bandwidth (MB/sec):     27.330 

Stddev Bandwidth:       9.71525
Max bandwidth (MB/sec): 44
Min bandwidth (MB/sec): 0
Average Latency:        2.32674
Stddev Latency:         1.37273
Max latency:            6.55824
Min latency:            0.199259
