 Maintaining 16 concurrent writes of 4194304 bytes for up to 60 seconds or 0 objects
 Object prefix: benchmark_data_ceph-radosbench-1_1
   sec Cur ops   started  finished  avg MB/s  cur MB/s  last lat   avg lat
     0       0         0         0         0         0         -         0
     1      15        21         6    23.856        24  0.998316  0.657052
     2      16        29        13   25.9196        28   1.90965   1.13984
     3      16        32        16   21.2883        12   2.61021   1.41218
     4      16        35        19   18.9693        12   3.11897   1.70141
     5      16        44        28   22.3704        36   3.03132   2.19174
     6      16        50        34   22.6412        24   2.24115   2.29452
     7      16        53        37   21.1221        12   2.52024   2.32242
     8      16        59        43   21.4812        24   3.02402    2.4213
     9      16        62        46   20.4282        12   3.23493   2.48109
    10      16        65        49   19.5857        12   3.35324   2.54511
    11      16        74        58   21.0767        36   2.96583   2.67754
    12      16        80        64   21.3199        24   2.63504   2.69821
    13      16        83        67   20.6032        12   2.43275   2.69691
    14      16        89        73   20.8455        24   2.92949   2.71322
    15      16        92        76   20.2559        12   3.21728   2.73757
    16      15        97        82   20.4896        24   3.54945    2.8078
    17      16       104        88   20.6958        24   2.99429   2.84437
    18      16       110        94   20.8792        24    2.4624   2.84294
    19      16       113        97   20.4119        12   2.49548   2.83823
2015-01-13 08:02:24.337782min lat: 0.191646 max lat: 4.09868 avg lat: 2.84949
   sec Cur ops   started  finished  avg MB/s  cur MB/s  last lat   avg lat
    20      16       119       103   20.5911        24   3.02912   2.84949
    21      16       122       106    20.182        12   3.33021    2.8664
    22      16       128       112   20.3553        24   3.46484   2.91647
    23      16       134       118   20.5136        24   2.95414   2.93392
    24      16       140       124   20.6587        24   2.12618   2.92094
    25      16       146       130   20.7922        24   2.62916   2.90782
    26      16       149       133    20.454        12   2.82822   2.90851
    27      16       155       139   20.5852        24   3.13718   2.92145
    28      16       155       139   19.8502         0         -   2.92145
    29      16       164       148   20.4068        18   3.29371   2.96962
    30      16       170       154   20.5264        24   3.08934   2.98176
    31      16       175       159   20.5094        20   2.62184   2.97521
    32      16       179       163   20.3684        16    2.9146   2.97412
    33      16       185       169   20.4783        24   3.22224   2.98803
    34      16       188       172    20.229        12   3.62492   3.00208
    35      16       194       178   20.3366        24   3.07871   3.01607
    36      16       200       184   20.4383        24   2.77234   3.01472
    37      16       206       190   20.5344        24   2.61728   3.00491
    38      16       209       193   20.3098        12   2.83013   3.00387
    39      16       215       199   20.4043        24   3.11311   3.01053
2015-01-13 08:02:44.340533min lat: 0.191646 max lat: 4.41496 avg lat: 3.02197
   sec Cur ops   started  finished  avg MB/s  cur MB/s  last lat   avg lat
    40      16       218       202   20.1942        12   3.60791   3.02197
    41      16       224       208    20.287        24   3.15937   3.03404
    42      16       230       214   20.3753        24   2.65444   3.03297
    43      16       236       220   20.4595        24   2.40506   3.01877
    44      16       242       226   20.5399        24   2.80733   3.01365
    45      16       245       229   20.3501        12    3.0129   3.01519
    46      16       248       232   20.1685        12   3.21801   3.02024
    47      16       257       241   20.5052        36   2.96286   3.03277
    48      16       263       247    20.578        24   2.55236   3.02914
    49      16       266       250   20.4029        12   2.41165   3.02462
    50      16       272       256   20.4748        24   2.90792    3.0215
    51      16       275       259   20.3086        12   3.20479   3.02508
    52      16       281       265   20.3795        24   3.55142   3.04063
    53      16       287       271   20.4477        24   3.00678   3.04761
    54      16       293       277   20.5134        24   2.44578   3.04295
    55      16       296       280   20.3586        12   2.46008   3.03899
    56      16       302       286   20.4236        24   3.02228   3.03883
    57      16       305       289   20.2758        12   3.30882   3.04291
    58      16       308       292   20.1331        12   3.88133   3.05357
    59      16       317       301   20.4019        36   3.10855   3.06871
2015-01-13 08:03:04.343288min lat: 0.191646 max lat: 4.47637 avg lat: 3.0642
   sec Cur ops   started  finished  avg MB/s  cur MB/s  last lat   avg lat
    60      16       323       307   20.4618        24   2.23775    3.0642
    61      14       324       310   20.3231        12   2.49655   3.06002
    62       8       324       316   20.3823        24   2.97779   3.05919
    63       5       324       319   20.2493        12   3.17593   3.06155
 Total time run:         63.950028
Total writes made:      324
Write size:             4194304
Bandwidth (MB/sec):     20.266 

Stddev Bandwidth:       7.78729
Max bandwidth (MB/sec): 36
Min bandwidth (MB/sec): 0
Average Latency:        3.07258
Stddev Latency:         0.614308
Max latency:            4.47637
Min latency:            0.191646
