 Maintaining 16 concurrent writes of 4194304 bytes for up to 60 seconds or 0 objects
 Object prefix: benchmark_data_ceph-radosbench-1_1
   sec Cur ops   started  finished  avg MB/s  cur MB/s  last lat   avg lat
     0       0         0         0         0         0         -         0
     1      16        38        22   87.9725        88  0.192861  0.351706
     2      16        70        54   107.975       128  0.110488  0.432646
     3      16       101        85    113.31       124  0.406885  0.485799
     4      16       128       112   111.979       108   0.22507  0.490099
     5      16       151       135    107.98        92  0.188341  0.534885
     6      16       174       158   105.314        92   1.56598  0.546995
     7      16       203       187   106.839       116  0.216107  0.540901
     8      16       223       207   103.482        80   1.86828  0.578262
     9      16       244       228   101.316        84  0.159637  0.560395
    10      16       262       246   98.3836        72  0.818623  0.595588
    11      16       285       269   97.8021        92   0.36368  0.617317
    12      16       306       290    96.651        84  0.426032  0.613121
    13      16       330       314   96.5999        96  0.248289  0.633274
    14      16       363       347   99.1272       132  0.254679  0.629102
    15      16       393       377   100.518       120  0.351243  0.619776
    16      16       422       406   101.484       116   1.54797  0.617993
    17      16       449       433   101.866       108  0.357415  0.611904
    18      16       473       457    101.54        96  0.321641   0.60135
    19      15       487       472   99.3531        60   1.78944  0.602625
2014-12-10 01:39:16.679607min lat: 0.065317 max lat: 3.1756 avg lat: 0.613352
   sec Cur ops   started  finished  avg MB/s  cur MB/s  last lat   avg lat
    20      16       513       497   99.3847       100  0.312582  0.613352
    21      16       539       523   99.6038       104  0.122714  0.622741
    22      16       566       550   99.9847       108    1.5801  0.627387
    23      16       588       572   99.4632        88  0.096858  0.622018
    24      16       613       597   99.4849       100  0.840542  0.631685
    25      16       631       615   98.3851        72   1.03968  0.636878
    26      16       658       642   98.7544       108  0.067827  0.630324
    27      16       677       661   97.9112        76   1.31166   0.62469
    28      16       684       668   95.4143        28  0.597464  0.621142
    29      16       699       683   94.1929        60  0.148029  0.632064
    30      16       713       697   92.9196        56  0.105342  0.630321
    31      16       733       717   92.5025        80  0.166783  0.658471
    32      16       760       744   92.9863       108  0.116489  0.668047
    33      16       788       772    93.562       112  0.786686   0.67163
    34      16       805       789   92.8099        68  0.099068  0.676027
    35      16       825       809   92.4436        80   1.88772  0.677985
    36      15       850       835   92.7642       104   1.58111  0.677554
    37      16       864       848   91.6623        52  0.267562  0.675176
    38      15       883       868   91.3551        80  0.734599   0.67415
    39      16       907       891   91.3714        92  0.396852  0.674304
2014-12-10 01:39:36.682324min lat: 0.064406 max lat: 5.14877 avg lat: 0.666739
   sec Cur ops   started  finished  avg MB/s  cur MB/s  last lat   avg lat
    40      16       925       909   90.8868        72   0.09654  0.666739
    41      16       947       931   90.8161        88  0.488285  0.683389
    42      16       973       957   91.1297       104  0.132755  0.693936
    43      16      1008       992   92.2634       140   0.44249  0.687269
    44      16      1034      1018   92.5293       104  0.457421  0.682992
    45      16      1057      1041   92.5172        92  0.184216  0.681907
    46      16      1085      1069   92.9404       112  0.248476  0.680442
    47      16      1096      1080    91.899        44  0.127078  0.680425
    48      16      1115      1099   91.5676        76  0.862039  0.682503
    49      16      1136      1120   91.4129        84   2.08036  0.691959
    50      16      1169      1153   92.2243       132   1.09683   0.69047
    51      16      1199      1183   92.7685       120  0.504256  0.683572
    52      16      1225      1209   92.9842       104  0.288415  0.680169
    53      16      1246      1230   92.8145        84  0.067195  0.678849
    54      16      1261      1245   92.2067        60  0.414931  0.681787
    55      16      1289      1273   92.5663       112  0.176104  0.682539
    56      16      1316      1300   92.8416       108   1.21748   0.67962
    57      16      1329      1313   92.1249        52   0.68287  0.680476
    58      16      1342      1326    91.433        52  0.194459  0.683351
    59      16      1365      1349   91.4424        92  0.066702  0.687646
2014-12-10 01:39:56.686486min lat: 0.064406 max lat: 5.14877 avg lat: 0.688336
   sec Cur ops   started  finished  avg MB/s  cur MB/s  last lat   avg lat
    60      16      1394      1378   91.8514       116  0.181742  0.688336
 Total time run:         60.869109
Total writes made:      1395
Write size:             4194304
Bandwidth (MB/sec):     91.672 

Stddev Bandwidth:       26.3856
Max bandwidth (MB/sec): 140
Min bandwidth (MB/sec): 0
Average Latency:        0.694883
Stddev Latency:         0.812223
Max latency:            5.14877
Min latency:            0.064406
