 Maintaining 16 concurrent writes of 4194304 bytes for up to 60 seconds or 0 objects
 Object prefix: benchmark_data_ceph-radosbench-1_1
   sec Cur ops   started  finished  avg MB/s  cur MB/s  last lat   avg lat
     0       0         0         0         0         0         -         0
     1      16        39        23   91.9715        92  0.289039  0.432581
     2      16        67        51   101.976       112  0.185272  0.464538
     3      16        95        79   105.311       112   2.10783  0.499982
     4      16       121       105    104.98       104  0.175402  0.528449
     5      16       149       133   106.379       112  0.417061    0.5436
     6      16       180       164   109.313       124   1.31012  0.540499
     7      16       205       189    107.98       100   1.24723  0.553323
     8      16       233       217    108.48       112  0.388375   0.55711
     9      16       262       246   109.314       116  0.646145  0.559336
    10      16       292       276   110.381       120  0.443481  0.557014
    11      16       319       303   110.163       108    0.2519   0.55259
    12      16       348       332   110.648       116   2.49454  0.547633
    13      16       375       359   110.443       108  0.206811  0.534207
    14      16       403       387   110.553       112  0.167627  0.531098
    15      16       428       412   109.848       100  0.310947  0.541048
    16      16       459       443   110.732       124  0.477885  0.541881
    17      16       488       472   111.041       116  0.356833  0.545105
    18      16       515       499   110.871       108  0.290372  0.551093
    19      16       542       526   110.719       108  0.271131  0.554179
2014-12-11 02:11:43.598152min lat: 0.133104 max lat: 4.45898 avg lat: 0.555061
   sec Cur ops   started  finished  avg MB/s  cur MB/s  last lat   avg lat
    20      16       573       557   111.382       124  0.601928  0.555061
    21      16       599       583    111.03       104  0.349276  0.563666
    22      15       624       609    110.71       104  0.804926  0.565081
    23      16       656       640   111.287       124   1.58956  0.565518
    24      16       683       667   111.149       108   1.77175  0.566989
    25      16       709       693   110.863       104  0.244564  0.567485
    26      16       737       721   110.906       112  0.781179  0.568481
    27      16       768       752    111.39       124  0.439191  0.570368
    28      16       790       774   110.554        88  0.128947  0.567822
    29      16       823       807   111.293       132  0.185721  0.566991
    30      16       850       834   111.182       108   1.12682  0.565756
    31      16       877       861   111.079       108  0.424574   0.56794
    32      16       902       886   110.732       100   1.30725  0.570162
    33      16       936       920   111.497       136  0.252875  0.569116
    34      16       963       947   111.394       108  0.599775  0.568383
    35      16       987       971   110.954        96  0.695198  0.571062
    36      16      1016      1000   111.093       116  0.843956  0.570827
    37      16      1042      1026   110.901       104  0.470493  0.570943
    38      16      1067      1051   110.614       100  0.824851  0.572321
    39      16      1100      1084   111.162       132  0.257696   0.57058
2014-12-11 02:12:03.601418min lat: 0.094988 max lat: 4.45898 avg lat: 0.572712
   sec Cur ops   started  finished  avg MB/s  cur MB/s  last lat   avg lat
    40      16      1127      1111   111.082       108   1.03591  0.572712
    41      16      1155      1139   111.104       112   0.32344  0.571191
    42      16      1182      1166   111.029       108  0.743182  0.572099
    43      16      1205      1189   110.586        92  0.238805   0.56931
    44      16      1232      1216   110.527       108  0.172255  0.573072
    45      16      1264      1248   110.915       128  0.459764  0.573492
    46      16      1295      1279   111.199       124  0.770354  0.571578
    47      16      1318      1302    110.79        92  0.831232  0.572201
    48      16      1349      1333   111.065       124  0.394055   0.57248
    49      16      1373      1357   110.757        96  0.417775  0.571193
    50      16      1402      1386   110.862       116   0.74557  0.571233
    51      16      1431      1415   110.962       116  0.482469  0.571825
    52      16      1462      1446   111.212       124  0.886635  0.571743
    53      16      1490      1474   111.227       112  0.192113   0.57133
    54      16      1520      1504   111.389       120  0.435053  0.570409
    55      16      1544      1528   111.109        96  0.273963  0.571401
    56      16      1575      1559   111.339       124  0.713745  0.571973
    57      16      1600      1584   111.139       100  0.607665  0.571872
    58      16      1632      1616    111.43       128  0.319666  0.571595
    59      16      1657      1641   111.236       100  0.827737  0.572176
2014-12-11 02:12:23.604832min lat: 0.094988 max lat: 4.45898 avg lat: 0.572104
   sec Cur ops   started  finished  avg MB/s  cur MB/s  last lat   avg lat
    60      16      1686      1670   111.315       116   0.32549  0.572104
 Total time run:         60.465107
Total writes made:      1687
Write size:             4194304
Bandwidth (MB/sec):     111.602 

Stddev Bandwidth:       18.0246
Max bandwidth (MB/sec): 136
Min bandwidth (MB/sec): 0
Average Latency:        0.573422
Stddev Latency:         0.474523
Max latency:            4.45898
Min latency:            0.094988
