 Maintaining 16 concurrent writes of 4194304 bytes for up to 60 seconds or 0 objects
 Object prefix: benchmark_data_ceph-radosbench-1_1
   sec Cur ops   started  finished  avg MB/s  cur MB/s  last lat   avg lat
     0       0         0         0         0         0         -         0
     1      16        40        24    95.965        96  0.614529  0.251339
     2      16        66        50   99.9736       104  0.160688  0.377588
     3      16        86        70   93.3124        80  0.439787  0.445666
     4      16       119       103   102.979       132   0.36336  0.511387
     5      16       139       123   98.3812        80    0.1122  0.532596
     6      16       164       148   98.6473       100   1.77613  0.589507
     7      16       182       166    94.839        72  0.115329  0.603351
     8      16       215       199   99.4817       132  0.139646  0.606666
     9      16       234       218   96.8714        76  0.136147  0.622406
    10      16       256       240   95.9831        88  0.617098  0.608341
    11      16       276       260   94.5292        80  0.114417  0.632755
    12      16       298       282    93.984        88  0.154393  0.611199
    13      16       312       296   91.0617        56  0.282129  0.632429
    14      16       343       327   93.4132       124  0.239378  0.661689
    15      16       374       358   95.4512       124  0.236196   0.65997
    16      16       403       387   96.7344       116  0.995276   0.64354
    17      16       426       410   96.4551        92  0.181665  0.642491
    18      16       460       444    98.651       136  0.070416  0.630159
    19      16       482       466   98.0898        88  0.069166   0.62235
2014-12-10 01:41:27.185775min lat: 0.066904 max lat: 3.99705 avg lat: 0.63634
   sec Cur ops   started  finished  avg MB/s  cur MB/s  last lat   avg lat
    20      16       504       488   97.5847        88   0.18336   0.63634
    21      16       522       506   96.3659        72  0.066862  0.632771
    22      16       551       535   97.2576       116   0.31737    0.6434
    23      16       578       562   97.7241       108   1.43522  0.642213
    24      16       604       588    97.985       104  0.943523  0.640613
    25      16       620       604   96.6252        64  0.123381  0.643274
    26      16       637       621   95.5239        68   2.00985  0.653831
    27      16       665       649   96.1336       112  0.109551  0.647477
    28      16       683       667   95.2713        72  0.069939  0.648166
    29      16       707       691    95.296        96  0.203835    0.6512
    30      16       729       713   95.0524        88  0.788529  0.641595
    31      16       733       717   92.5023        16  0.586125  0.641477
    32      16       755       739   92.3612        88  0.267989  0.665467
    33      16       780       764   92.5923       100  0.179321  0.676504
    34      16       791       775   91.1629        44  0.140493  0.675735
    35      16       818       802   91.6436       108  0.164279  0.681035
    36      16       844       828   91.9864       104  0.383523  0.676985
    37      16       861       845   91.3379        68  0.097592  0.684313
    38      16       877       861   90.6182        64   0.47934  0.679673
    39      16       886       870   89.2177        36  0.267966  0.674317
2014-12-10 01:41:47.188495min lat: 0.064684 max lat: 4.91907 avg lat: 0.672403
   sec Cur ops   started  finished  avg MB/s  cur MB/s  last lat   avg lat
    40      16       898       882   88.1871        48   0.09721  0.672403
    41      16       915       899   87.6944        68  0.093613  0.681945
    42      16       948       932   88.7489       132   4.33256  0.712172
    43      16       977       961   89.3822       116    1.0159  0.708634
    44      16      1012       996   90.5321       140  0.410522  0.702805
    45      16      1041      1025   91.0977       116  0.495209  0.696183
    46      16      1075      1059   92.0734       136  0.335354  0.690308
    47      16      1097      1081   91.9865        88  0.124796  0.687504
    48      16      1118      1102   91.8199        84  0.292935   0.68629
    49      16      1131      1115   91.0071        52   1.49223  0.689358
    50      16      1161      1145   91.5813       120  0.833412  0.693112
    51      16      1193      1177    92.295       128  0.348517  0.685675
    52      16      1219      1203   92.5197       104  0.095018   0.68218
    53      16      1236      1220   92.0569        68  0.320486  0.682797
    54      16      1264      1248   92.4259       112  0.129138  0.686504
    55      16      1286      1270   92.3452        88  0.844217  0.684455
    56      16      1317      1301   92.9101       124   0.15365  0.680748
    57      16      1332      1316   92.3326        60  0.501919  0.682025
    58      16      1351      1335   92.0508        76  0.235278   0.68081
    59      16      1369      1353   91.7108        72  0.599369  0.689112
2014-12-10 01:42:07.194359min lat: 0.064684 max lat: 5.87801 avg lat: 0.688059
   sec Cur ops   started  finished  avg MB/s  cur MB/s  last lat   avg lat
    60      16      1405      1389   92.5819       144   1.29286  0.688059
 Total time run:         60.893662
Total writes made:      1406
Write size:             4194304
Bandwidth (MB/sec):     92.358 

Stddev Bandwidth:       30.3525
Max bandwidth (MB/sec): 144
Min bandwidth (MB/sec): 0
Average Latency:        0.691118
Stddev Latency:         0.824774
Max latency:            5.87801
Min latency:            0.064684
