 Maintaining 16 concurrent writes of 4194304 bytes for up to 60 seconds or 0 objects
 Object prefix: benchmark_data_ceph-radosbench-1_1
   sec Cur ops   started  finished  avg MB/s  cur MB/s  last lat   avg lat
     0       0         0         0         0         0         -         0
     1      16        36        20   79.9573        80  0.744041  0.489802
     2      16        58        42   83.9708        88  0.941915  0.579562
     3      16        76        60   79.9774        72  0.607259  0.633619
     4      16        88        72   71.9823        48  0.270648  0.654095
     5      16       107        91   72.7835        76  0.181656  0.750051
     6      16       125       109   72.6508        72  0.641821  0.793385
     7      16       139       123   70.2707        56   1.77164  0.818568
     8      16       153       137   68.4729        56   1.04725  0.853799
     9      16       174       158   70.1964        84  0.447499  0.845095
    10      16       188       172   68.7758        56  0.364656  0.850766
    11      16       204       188   68.3407        64   1.80001  0.883596
    12      15       218       203   67.6449        60   2.02444   0.89111
    13      16       235       219   67.3638        64   0.80795  0.895035
    14      16       253       237   67.6942        72  0.250205  0.893018
    15      16       274       258   68.7801        84  0.810035  0.888855
    16      16       287       271   67.7307        52   2.85799  0.896555
    17      16       306       290   68.2163        76  0.812279  0.906324
    18      16       329       313   69.5367        92  0.571211  0.899783
    19      16       348       332   69.8763        76  0.241439  0.886332
2015-01-13 08:11:23.189475min lat: 0.09473 max lat: 2.85799 avg lat: 0.87386
   sec Cur ops   started  finished  avg MB/s  cur MB/s  last lat   avg lat
    20      16       372       356   71.1816        96    0.4671   0.87386
    21      16       389       373   71.0296        68  0.349719  0.868709
    22      16       401       385   69.9826        48  0.499906  0.862156
    23      16       418       402    69.896        68    2.0622  0.887502
    24      16       433       417   69.4833        60  0.264135    0.8949
    25      16       449       433   69.2636        64   0.19611  0.895885
    26      16       471       455   69.9828        88  0.328345  0.894123
    27      16       487       471   69.7608        64   1.58573   0.89395
    28      16       493       477   68.1264        24  0.295829  0.888659
    29      16       512       496   68.3976        76  0.241744  0.900752
    30      16       528       512   68.2509        64   1.69893  0.915958
    31      16       542       526   67.8555        56  0.872831  0.918811
    32      16       563       547   68.3597        84  0.212074  0.913746
    33      16       581       565   68.4696        72  0.302046  0.917799
    34      16       593       577   67.8675        48   1.04779  0.923022
    35      16       620       604   69.0135       108   0.45957  0.921617
    36      16       634       618   68.6518        56  0.752009  0.915089
    37      15       654       639   69.0663        84   1.41531  0.916048
    38      16       672       656   69.0379        68  0.936096  0.913659
    39      16       689       673   69.0111        68  0.961981  0.913704
2015-01-13 08:11:43.192682min lat: 0.09473 max lat: 2.9374 avg lat: 0.910476
   sec Cur ops   started  finished  avg MB/s  cur MB/s  last lat   avg lat
    40      16       709       693   69.2855        80  0.327359  0.910476
    41      16       725       709   69.1563        64     1.682  0.912035
    42      16       741       725   69.0334        64   0.25698  0.909589
    43      16       761       745   69.2882        80  0.285912  0.912948
    44      16       779       763   69.3496        72  0.837025   0.91121
    45      16       796       780   69.3193        68  0.634986    0.9126
    46      16       811       795   69.1166        60  0.643608  0.911642
    47      16       830       814   69.2628        76   0.19742  0.905702
    48      16       847       831   69.2363        68  0.576249  0.912955
    49      16       870       854   69.7005        92  0.507541  0.910875
    50      16       889       873   69.8263        76  0.319869  0.908323
    51      16       905       889   69.7118        64   1.13691  0.909611
    52      16       929       913   70.2171        96  0.208093  0.903675
    53      16       945       929   70.0996        64  0.812066  0.901675
    54      16       965       949   70.2828        80  0.631117  0.902835
    55      16       987       971   70.6046        88  0.478588  0.896911
    56      16      1005       989   70.6294        72   1.22296  0.897365
    57      16      1020      1004   70.4427        60  0.411085  0.898009
    58      16      1044      1028   70.8831        96   0.79646   0.89424
    59      16      1058      1042   70.6307        56  0.609185  0.894645
2015-01-13 08:12:03.195586min lat: 0.09473 max lat: 2.9374 avg lat: 0.897071
   sec Cur ops   started  finished  avg MB/s  cur MB/s  last lat   avg lat
    60      16      1078      1062   70.7867        80  0.810748  0.897071
    61      14      1079      1065    69.823        12  0.883368  0.896538
 Total time run:         61.220724
Total writes made:      1079
Write size:             4194304
Bandwidth (MB/sec):     70.499 

Stddev Bandwidth:       18.5157
Max bandwidth (MB/sec): 108
Min bandwidth (MB/sec): 0
Average Latency:        0.90608
Stddev Latency:         0.609061
Max latency:            2.9374
Min latency:            0.09473
