 Maintaining 16 concurrent writes of 4194304 bytes for up to 60 seconds or 0 objects
 Object prefix: benchmark_data_ceph-radosbench-1_1
   sec Cur ops   started  finished  avg MB/s  cur MB/s  last lat   avg lat
     0       0         0         0         0         0         -         0
     1      16        40        24   95.9751        96  0.587184  0.384547
     2      16        66        50   99.9798       104  0.223004    0.4628
     3      16        95        79   105.314       116  0.664898  0.447187
     4      16       122       106   105.981       108   1.07838  0.514437
     5      16       149       133   106.381       108   2.56438  0.554637
     6      16       180       164   109.315       124   1.11591  0.547033
     7      16       201       185   105.697        84    1.1983  0.560831
     8      16       229       213   106.483       112   0.78249  0.576742
     9      16       261       245   108.871       128  0.688365  0.558977
    10      16       287       271   108.383       104   0.49073  0.549224
    11      16       312       296   107.619       100  0.135215  0.538788
    12      16       344       328   109.316       128  0.364969  0.559649
    13      16       372       356   109.522       112  0.277864  0.567576
    14      16       403       387   110.554       124  0.455259  0.568821
    15      16       433       417   111.183       120  0.559362  0.566645
    16      16       458       442   110.483       100   0.58784  0.568258
    17      16       482       466   109.627        96  0.280696  0.561855
    18      16       513       497   110.425       124  0.252214  0.561698
    19      16       531       515   108.402        72  0.094437  0.563941
2014-12-11 00:50:04.431827min lat: 0.094437 max lat: 3.04039 avg lat: 0.574625
   sec Cur ops   started  finished  avg MB/s  cur MB/s  last lat   avg lat
    20      16       567       551   110.181       144  0.226849  0.574625
    21      16       591       575   109.505        96  0.459761  0.570398
    22      16       624       608   110.527       132  0.258415  0.573545
    23      16       650       634   110.242       104   1.15306   0.57271
    24      16       672       656   109.315        88  0.410736  0.568448
    25      16       685       669   107.022        52  0.103446  0.564497
    26      16       712       696   107.059       108  0.263129   0.56558
    27      16       744       728   107.834       128  0.338306  0.580879
    28      16       771       755    107.84       108  0.311166  0.583718
    29      16       803       787   108.534       128  0.383555  0.583941
    30      16       819       803   107.049        64   1.36495  0.585523
    31      16       846       830    107.08       108    1.0507  0.588406
    32      16       878       862   107.733       128    0.1864  0.586614
    33      16       903       887   107.498       100  0.254136  0.586849
    34      16       928       912   107.277       100  0.237699  0.582956
    35      16       961       945   107.983       132  0.284454  0.586274
    36      16       985       969    107.65        96   0.21103  0.586251
    37      16      1018      1002   108.307       132  0.386552  0.586682
    38      16      1045      1029   108.299       108  0.136608  0.584455
    39      16      1071      1055   108.188       104  0.925422  0.585886
2014-12-11 00:50:24.434600min lat: 0.09359 max lat: 3.70207 avg lat: 0.585293
   sec Cur ops   started  finished  avg MB/s  cur MB/s  last lat   avg lat
    40      16      1100      1084   108.383       116  0.956062  0.585293
    41      16      1128      1112   108.471       112  0.413856  0.583777
    42      16      1144      1128   107.412        64   1.64142  0.583459
    43      16      1180      1164   108.262       144  0.368656  0.587062
    44      16      1210      1194   108.529       120  0.416756  0.585013
    45      16      1237      1221   108.517       108  0.243205  0.584885
    46      16      1263      1247   108.418       104  0.224807  0.584506
    47      16      1291      1275   108.494       112  0.584707   0.58318
    48      16      1317      1301     108.4       104  0.351837  0.585391
    49      16      1346      1330   108.555       116  0.249266   0.58287
    50      16      1372      1356   108.463       104  0.170094  0.580871
    51      16      1403      1387   108.768       124  0.250066  0.584259
    52      16      1434      1418    109.06       124  0.516446  0.582938
    53      16      1457      1441   108.738        92  0.203637  0.581144
    54      16      1484      1468   108.724       108  0.661992   0.58409
    55      16      1518      1502    109.22       136  0.282053  0.582507
    56      16      1544      1528   109.126       104  0.509196  0.582361
    57      16      1572      1556   109.176       112    0.3323    0.5816
    58      16      1599      1583   109.156       108  0.219733  0.581713
    59      16      1626      1610   109.136       108   0.27111   0.58225
2014-12-11 00:50:44.437510min lat: 0.093492 max lat: 3.70207 avg lat: 0.581764
   sec Cur ops   started  finished  avg MB/s  cur MB/s  last lat   avg lat
    60      16      1659      1643   109.517       132  0.674274  0.581764
    61       8      1660      1652   108.311        36  0.823336  0.581387
 Total time run:         61.231553
Total writes made:      1660
Write size:             4194304
Bandwidth (MB/sec):     108.441 

Stddev Bandwidth:       24.5414
Max bandwidth (MB/sec): 144
Min bandwidth (MB/sec): 0
Average Latency:        0.585885
Stddev Latency:         0.490762
Max latency:            3.70207
Min latency:            0.093492
