 Maintaining 16 concurrent writes of 4194304 bytes for up to 60 seconds or 0 objects
 Object prefix: benchmark_data_ceph-radosbench-1_1
   sec Cur ops   started  finished  avg MB/s  cur MB/s  last lat   avg lat
     0       0         0         0         0         0         -         0
     1      16        37        21   83.9741        84  0.516995  0.486147
     2      16        60        44   87.9808        92   0.88011  0.572265
     3      16        79        63   83.9837        76  0.340379  0.611314
     4      16        97        81   80.9855        72  0.162071  0.593695
     5      16       101        85   67.9886        16  0.094558  0.572047
     6      16       106        90   59.9907        20  0.094991  0.659854
     7      16       130       114   65.1333        96  0.194273  0.740961
     8      16       150       134   66.9899        80  0.094085   0.74267
     9      16       164       148   65.7682        56  0.097719  0.841071
    10      16       185       169   67.5905        84  0.264992  0.823629
    11      16       201       185   67.2633        64  0.145824  0.824681
    12      16       207       191    63.658        24  0.479197  0.804303
    13      16       207       191   58.7614         0         -  0.804303
    14      16       222       206   58.8495        30  0.093745  0.833295
    15      16       241       225   59.9923        76  0.184265  0.923951
    16      16       263       247    61.742        88  0.113967  0.981047
    17      16       281       265   62.3448        72  0.220882   0.97183
    18      16       296       280   62.2141        60   1.21138  0.965418
    19      16       318       302   63.5706        88  0.165625  0.942219
2014-12-10 23:58:06.563709min lat: 0.093541 max lat: 5.86627 avg lat: 0.931267
   sec Cur ops   started  finished  avg MB/s  cur MB/s  last lat   avg lat
    20      16       335       319   63.7916        68  0.248355  0.931267
    21      16       341       325   61.8966        24  0.093841  0.916102
    22      16       346       330   59.9922        20  0.095892  0.940526
    23      16       351       335   58.2532        20  0.093853  0.931046
    24      16       364       348   57.9925        52  0.096541  0.990012
    25      16       390       374   59.8324       104  0.143765    1.0105
    26      16       399       383   58.9156        36  0.589217    1.0213
    27      16       418       402    59.548        76  0.097004   1.02323
    28      16       431       415   59.2782        52  0.796667  0.997845
    29      16       440       424   58.4753        36  0.094553  0.981825
    30      16       440       424   56.5262         0         -  0.981825
    31      16       451       435    56.122        22  0.143364   1.00037
    32      16       461       445    55.618        40  0.396708   1.06664
    33      16       476       460   55.7506        60  0.152347   1.07568
    34      16       488       472   55.5224        48  0.105813    1.1043
    35      16       497       481   54.9644        36  0.135551   1.10417
    36      16       510       494    54.882        52  0.143387   1.09836
    37      16       521       505   54.5878        44  0.113321   1.09851
    38      16       521       505   53.1513         0         -   1.09851
    39      16       531       515    52.814        20   0.09481   1.10998
2014-12-10 23:58:26.565994min lat: 0.093219 max lat: 6.67 avg lat: 1.10998
   sec Cur ops   started  finished  avg MB/s  cur MB/s  last lat   avg lat
    40      16       531       515   51.4937         0         -   1.10998
    41      16       538       522   50.9206        14  0.103662   1.13792
    42      16       565       549   52.2793       108  0.131531   1.16039
    43      16       589       573   53.2958        96   4.33903   1.16859
    44      16       608       592   53.8116        76  0.119468   1.16327
    45      16       627       611   54.3045        76  0.227179   1.14537
    46      16       640       624   54.2542        52  0.277821   1.14361
    47      16       644       628   53.4403        16  0.096849   1.13818
    48      16       656       640   53.3269        48  0.135503   1.14128
    49      16       662       646   52.7283        24  0.136896   1.13258
    50      16       671       655   52.3937        36  0.101754   1.14431
    51      16       689       673    52.778        72  0.094046   1.16207
    52      16       717       701   53.9166       112  0.191832   1.16415
    53      16       730       714   53.8803        52  0.154287   1.16082
    54      16       748       732   54.2157        72  0.120617   1.16074
    55      16       767       751   54.6116        76  0.122719   1.15068
    56      16       784       768   54.8505        68  0.093749   1.13074
    57      16       785       769   53.9584         4  0.151201   1.12947
    58      16       799       783   53.9935        56  0.093482    1.1284
    59      16       805       789   53.4851        24  0.094177   1.13953
2014-12-10 23:58:46.568237min lat: 0.093219 max lat: 7.58403 avg lat: 1.15274
   sec Cur ops   started  finished  avg MB/s  cur MB/s  last lat   avg lat
    60      16       822       806   53.7269        68  0.099485   1.15274
    61      16       823       807   52.9117         4  0.093576   1.15143
    62      16       823       807   52.0583         0         -   1.15143
    63      16       823       807    51.232         0         -   1.15143
    64      15       823       808    50.494   1.33333   4.08703   1.15506
    65      15       823       808   49.7172         0         -   1.15506
 Total time run:         65.496536
Total writes made:      823
Write size:             4194304
Bandwidth (MB/sec):     50.262 

Stddev Bandwidth:       32.3264
Max bandwidth (MB/sec): 112
Min bandwidth (MB/sec): 0
Average Latency:        1.27049
Stddev Latency:         2.00409
Max latency:            10.2738
Min latency:            0.093219
