 Maintaining 16 concurrent writes of 4194304 bytes for up to 60 seconds or 0 objects
 Object prefix: benchmark_data_ceph-radosbench-1_1
   sec Cur ops   started  finished  avg MB/s  cur MB/s  last lat   avg lat
     0       0         0         0         0         0         -         0
     1      16        27        11   43.8427        44  0.917507  0.609336
     2      16        39        23   45.9134        48   1.43752  0.946915
     3      16        51        35   46.6056        48     1.408   1.05395
     4      16        63        47   46.9521        48   1.40173   1.09664
     5      16        71        55   43.9628        32   1.12606   1.14624
     6      15        83        68   45.2777        52    1.9022   1.26672
     7      16        95        79   45.0944        44   1.68708   1.27957
     8      16       104        88   43.9579        36   1.27175   1.30769
     9      15       116       101   44.8456        52  0.759677   1.33761
    10      16       127       111   44.3608        40  0.962743   1.31956
    11      16       134       118   42.8741        28   1.10082   1.34326
    12      16       142       126   41.9678        32   2.25596   1.38906
    13      16       157       141   43.3534        60   1.48834    1.4096
    14      16       163       147   41.9715        24   1.62372   1.42032
    15      16       178       162   43.1697        60   1.12285   1.41798
    16      16       187       171   42.7215        36   1.10384     1.414
    17      16       193       177   41.6205        24   1.83302   1.42512
    18      16       208       192   42.6406        60   2.31941   1.45553
    19      16       217       201    42.291        36  0.816099   1.44588
2015-01-13 08:06:13.442806min lat: 0.198748 max lat: 2.69002 avg lat: 1.44339
   sec Cur ops   started  finished  avg MB/s  cur MB/s  last lat   avg lat
    20      16       226       210   41.9763        36   2.31776   1.44339
    21      16       241       225   42.8258        60   1.30241    1.4545
    22      15       249       234    42.508        36   1.10058   1.45217
    23      16       256       240   41.7037        24   2.03387   1.45466
    24      15       268       253   42.1321        52  0.845671   1.47117
    25      16       280       264   42.2065        44   1.06878   1.46578
    26      16       292       276    42.429        48   1.92234   1.46745
    27      16       303       287   42.4869        44  0.983452   1.46518
    28      16       315       299   42.6834        48   1.02751   1.45592
    29      16       324       308   42.4529        36   2.11563   1.46232
    30      16       330       314    41.838        24   2.06469   1.47288
    31      16       344       328   42.2943        56  0.186593   1.46942
    32      16       349       333   41.5979        20  0.283575   1.45401
    33      16       360       344   41.6704        44   2.73419   1.48069
    34      16       371       355   41.7387        44    0.8451   1.49026
    35      16       383       367   41.9173        48   2.21057   1.49665
    36      16       389       373   41.4197        24   2.00627    1.5015
    37      16       404       388   41.9215        60   1.17459   1.50274
    38      15       410       395   41.5552        28   2.35484   1.50034
    39      16       425       409   41.9252        56  0.654817   1.50074
2015-01-13 08:06:33.453597min lat: 0.113031 max lat: 3.14295 avg lat: 1.49617
   sec Cur ops   started  finished  avg MB/s  cur MB/s  last lat   avg lat
    40      16       433       417    41.677        32   1.60529   1.49617
    41      16       445       429    41.831        48   2.25944   1.49669
    42      16       451       435   41.4065        24   2.41062   1.50194
    43      16       463       447   41.5596        48   2.35865   1.51392
    44      16       472       456   41.4332        36   1.73797   1.51506
    45      16       484       468   41.5789        48   1.67233   1.51467
    46      16       497       481   41.8052        52    0.7773   1.50575
    47      16       508       492   41.8517        44   1.01116    1.5013
    48      16       514       498   41.4799        24  0.895209   1.50101
    49      16       525       509   41.5311        44  0.494862   1.51104
    50      16       532       516   41.2605        28  0.867142   1.51992
    51      16       546       530   41.5492        56  0.168935   1.50892
    52      16       557       541   41.5962        44   0.58884   1.50961
    53      16       566       550   41.4906        36   2.22312   1.51534
    54      16       574       558   41.3148        32  0.886525    1.5134
    55      16       580       564        41        24  0.633231   1.51774
    56      16       594       578   41.2676        56   1.24476   1.53098
    57      16       606       590   41.3856        48   1.71603   1.52798
    58      16       618       602   41.4995        48   1.58327    1.5227
    59      16       627       611   41.4062        36   1.79938   1.52249
2015-01-13 08:06:53.456676min lat: 0.113031 max lat: 3.30654 avg lat: 1.52473
   sec Cur ops   started  finished  avg MB/s  cur MB/s  last lat   avg lat
    60      16       635       619   41.2494        32   2.11839   1.52473
    61      16       636       620   40.6389         4  0.197574   1.52259
    62      15       636       621   40.0481         4   3.43159   1.52566
 Total time run:         62.998293
Total writes made:      636
Write size:             4194304
Bandwidth (MB/sec):     40.382 

Stddev Bandwidth:       13.891
Max bandwidth (MB/sec): 60
Min bandwidth (MB/sec): 0
Average Latency:        1.57777
Stddev Latency:         0.722153
Max latency:            5.12786
Min latency:            0.113031
