 Maintaining 16 concurrent writes of 4194304 bytes for up to 60 seconds or 0 objects
 Object prefix: benchmark_data_ceph-radosbench-1_1
   sec Cur ops   started  finished  avg MB/s  cur MB/s  last lat   avg lat
     0       0         0         0         0         0         -         0
     1      16        28        12   47.9825        48  0.290012   0.45502
     2      16        38        22   43.9885        40   1.17612  0.669896
     3      16        49        33   43.9903        44  0.414898  0.803819
     4      16        60        44   43.9917        44  0.788028  0.932557
     5      16        77        61   48.7911        68   2.01027   1.13641
     6      16        87        71   47.3254        40  0.196841   1.11471
     7      16       100        84   47.9924        52  0.670264   1.17001
     8      16       108        92   45.9929        32     1.855   1.24451
     9      16       126       110   48.8815        72  0.211325   1.21659
    10      16       130       114   45.5931        16  0.287037   1.18094
    11      16       133       117   42.5393        12  0.103135   1.15556
    12      16       138       122   40.6609        20  0.237727   1.21186
    13      16       143       127   39.0713        20   4.95131   1.28394
    14      16       148       132   37.7089        20   5.27931   1.36191
    15      16       159       143    38.128        44   6.09546   1.51284
    16      16       173       157   39.2445        56  0.400764   1.51994
    17      16       189       173   40.7002        64   2.58737   1.48604
    18      16       198       182   40.4388        36  0.373053   1.47109
    19      16       211       195    41.047        52   2.43146   1.47311
2015-01-13 17:56:38.238659min lat: 0.103135 max lat: 6.09546 avg lat: 1.45848
   sec Cur ops   started  finished  avg MB/s  cur MB/s  last lat   avg lat
    20      16       218       202   40.3945        28  0.920518   1.45848
    21      16       233       217   41.3277        60  0.289607    1.4008
    22      16       237       221   40.1765        16  0.177756   1.37959
    23      16       237       221   38.4297         0         -   1.37959
    24      16       244       228   37.9951        14  0.480458   1.42431
    25      16       257       241   38.5551        52   5.07978   1.52971
    26      16       271       255   39.2258        56   2.94628   1.59802
    27      16       285       269   39.8467        56  0.540399   1.56702
    28      16       302       286   40.8518        68  0.571969   1.53656
    29      16       314       298   41.0981        48   1.11362   1.52033
    30      16       324       308   41.0613        40  0.795184     1.508
    31      16       332       316   40.7689        32   1.74872   1.50683
    32      16       340       324   40.4947        32    2.3736   1.51358
    33      16       346       330   39.9948        24   2.19708   1.51363
    34      16       355       339   39.8772        36  0.360495   1.48981
    35      16       363       347    39.652        32  0.218215   1.50308
    36      16       374       358   39.7727        44  0.480272   1.53825
    37      16       383       367   39.6707        36  0.282651   1.55589
    38      16       400       384   40.4159        68  0.752059   1.55164
    39      16       412       396   40.6102        48   1.46621   1.54997
2015-01-13 17:56:58.240966min lat: 0.103135 max lat: 6.8358 avg lat: 1.53171
   sec Cur ops   started  finished  avg MB/s  cur MB/s  last lat   avg lat
    40      16       426       410   40.9948        56   1.20977   1.53171
    41      16       435       419   40.8728        36   1.33037   1.52105
    42      16       444       428   40.7567        36   0.18099   1.51196
    43      16       451       435     40.46        28     0.218   1.51603
    44      16       451       435   39.5405         0         -   1.51603
    45      16       463       447   39.7283        24  0.128027    1.5369
    46      16       475       459    39.908        48  0.300812   1.55892
    47      16       489       473   40.2503        56   0.16238    1.5493
    48      16       500       484   40.3282        44  0.681692   1.54908
    49      16       515       499   40.7295        60    2.7528   1.54258
    50      16       522       506   40.4748        28   1.05417   1.54434
    51      16       527       511   40.0733        20  0.202558   1.53497
    52      16       531       515   39.6104        16  0.180371   1.52454
    53      16       531       515    38.863         0         -   1.52454
    54      16       534       518   38.3655         6   6.06732   1.55331
    55      16       547       531   38.6133        52  0.200492   1.58313
    56      16       560       544   38.8522        52  0.347691   1.61286
    57      16       573       557   39.0828        52   2.81094   1.60553
    58      16       588       572   39.4433        60  0.210978    1.5922
    59      16       601       585    39.656        52  0.136955   1.58601
2015-01-13 17:57:18.243572min lat: 0.101966 max lat: 6.8358 avg lat: 1.5838
   sec Cur ops   started  finished  avg MB/s  cur MB/s  last lat   avg lat
    60      16       602       586   39.0617         4  0.294521    1.5838
    61      16       602       586   38.4213         0         -    1.5838
    62      16       602       586   37.8017         0         -    1.5838
    63      15       603       588   37.3286   2.66667   5.60506   1.59866
    64      15       603       588   36.7454         0         -   1.59866
    65      12       603       591   36.3647         6   7.58951   1.62483
 Total time run:         65.304795
Total writes made:      603
Write size:             4194304
Bandwidth (MB/sec):     36.935 

Stddev Bandwidth:       20.8962
Max bandwidth (MB/sec): 72
Min bandwidth (MB/sec): 0
Average Latency:        1.72063
Stddev Latency:         1.801
Max latency:            7.65037
Min latency:            0.101966
