 Maintaining 16 concurrent writes of 4194304 bytes for up to 60 seconds or 0 objects
 Object prefix: benchmark_data_ceph-radosbench-1_1
   sec Cur ops   started  finished  avg MB/s  cur MB/s  last lat   avg lat
     0       0         0         0         0         0         -         0
     1      16        20         4   15.9951        16  0.890369  0.730973
     2      16        23         7   13.9968        12   1.48792   1.05103
     3      16        27        11    14.664        16   2.99853   1.61439
     4      16        32        16   15.9973        20   3.62309   2.16298
     5      16        35        19   15.1977        12   3.33458   2.37881
     6      16        38        22   14.6646        12   3.73889   2.59012
     7      16        41        25   14.2838        12   3.75449    2.7682
     8      16        44        28   13.9982        12   4.21544   2.94158
     9      16        47        31    13.776        12   5.03104   3.16255
    10      16        53        37   14.7982        24   4.56882   3.46439
    11      16        56        40   14.5437        12   4.16002   3.54113
    12      16        59        43   14.3316        12   4.16504   3.60726
    13      16        62        46   14.1522        12   3.75414    3.6468
    14      16        65        49   13.9984        12   4.21309    3.6919
    15      16        68        52   13.8651        12    5.0629   3.78209
    16      16        74        58   14.4984        24   4.62228   3.91655
    17      16        77        61   14.3514        12   4.21893   3.94749
    18      16        80        64   14.2207        12    4.2127   3.97505
    19      16        83        67   14.1037        12   3.76638   3.98704
2014-12-09 22:43:55.173720min lat: 0.273176 max lat: 5.64107 avg lat: 4.00433
   sec Cur ops   started  finished  avg MB/s  cur MB/s  last lat   avg lat
    20      16        86        70   13.9985        12   4.21207   4.00433
    21      16        89        73   13.9033        12   4.97354   4.05211
    22      16        92        76   13.8167        12   4.97308   4.09602
    23      16        98        82   14.2594        24   4.17471   4.14027
    24      16       101        85   14.1652        12   4.16634   4.15267
    25      16       104        88   14.0785        12    3.8159   4.15624
    26      16       107        91   13.9986        12   4.21174   4.16438
    27      16       107        91   13.4801         0         -   4.16438
    28      16       113        97   13.8557        12   5.04628   4.23076
    29      16       119       103   14.2054        24   4.24483   4.26241
    30      16       122       106   14.1318        12   4.23768   4.27088
    31      16       125       109    14.063        12   3.81883   4.27126
    32      16       128       112   13.9985        12   4.21131   4.27469
    33      16       128       112   13.5743         0         -   4.27469
    34      16       131       115    13.528         6   5.06284    4.3003
    35      16       137       121   13.8271        24   4.66812    4.3412
    36      16       140       124   13.7763        12   4.26813   4.34731
    37      16       143       127   13.7283        12   4.26566   4.35306
    38      16       146       130   13.6828        12   3.82033    4.3516
    39      16       149       133   13.6396        12   4.21122   4.35281
2014-12-09 22:44:15.175750min lat: 0.273176 max lat: 5.64349 avg lat: 4.37192
   sec Cur ops   started  finished  avg MB/s  cur MB/s  last lat   avg lat
    40      16       152       136   13.5986        12   5.02969   4.37192
    41      16       158       142   13.8522        24   4.63404   4.40238
    42      16       161       145   13.8081        12   4.22984   4.40562
    43      16       164       148    13.766        12   4.23259   4.40862
    44      16       167       151   13.7258        12   3.81098   4.40595
    45      16       170       154   13.6875        12   4.20536   4.40585
    46      16       173       157   13.6508        12   5.09505   4.42269
    47      16       176       160   13.6156        12    5.1024   4.43905
    48      16       182       166   13.8319        24   4.31086   4.45324
    49      16       185       169   13.7945        12   4.30375   4.45639
    50      16       188       172   13.7586        12   3.81718   4.45375
    51      16       191       175   13.7241        12   4.21875   4.45302
    52      16       191       175   13.4602         0         -   4.45302
    53      16       197       181    13.659        12   5.16157   4.48284
    54      16       200       184   13.6282        12   4.76295   4.49272
    55      16       206       190   13.8168        24   4.15257   4.49563
    56      16       209       193   13.7843        12    3.6108   4.48975
    57      16       212       196    13.753        12   4.02391   4.48552
    58      16       212       196   13.5159         0         -   4.48552
    59      16       215       199   13.4902         6   5.01087   4.49636
2014-12-09 22:44:35.177630min lat: 0.273176 max lat: 5.73999 avg lat: 4.51543
   sec Cur ops   started  finished  avg MB/s  cur MB/s  last lat   avg lat
    60      16       221       205   13.6653        24   4.82811   4.51543
    61      14       222       208    13.638        12   4.40732   4.51868
    62      11       222       211   13.6115        12   4.38287   4.52159
    63       8       222       214   13.5859        12   3.79575   4.51883
    64       5       222       217   13.5611        12   4.19422   4.51713
    65       2       222       220   13.5371        12   4.99872   4.52636
 Total time run:         65.133979
Total writes made:      222
Write size:             4194304
Bandwidth (MB/sec):     13.633 

Stddev Bandwidth:       5.74192
Max bandwidth (MB/sec): 24
Min bandwidth (MB/sec): 0
Average Latency:        4.53151
Stddev Latency:         0.923263
Max latency:            5.73999
Min latency:            0.273176
