 Maintaining 16 concurrent writes of 4194304 bytes for up to 60 seconds or 0 objects
 Object prefix: benchmark_data_ceph-radosbench-1_1
   sec Cur ops   started  finished  avg MB/s  cur MB/s  last lat   avg lat
     0       0         0         0         0         0         -         0
     1      16        29        13   51.9839        52  0.217978  0.495554
     2      16        48        32   63.9853        76   0.39495  0.727404
     3      16        63        47   62.6543        60  0.695553  0.786541
     4      16        75        59   58.9898        48  0.307667  0.848855
     5      16        85        69   55.1909        40  0.492522  0.882968
     6      16        93        77   51.3251        32  0.325851  0.978309
     7      16       108        92   52.5636        60  0.358163   1.10168
     8      16       125       109   54.4921        68  0.184014   1.09601
     9      16       145       129   57.3251        80   1.10955   1.06218
    10      16       158       142   56.7917        52  0.986821   1.07175
    11      16       169       153   55.6285        44   1.28808   1.07446
    12      16       182       166   55.3257        52  0.927084   1.08066
    13      16       186       170   52.3005        16   1.93032    1.0985
    14      16       201       185     52.85        60    1.0089   1.13081
    15      16       222       206   54.9259        84  0.632571   1.13175
    16      16       236       220   54.9926        56  0.512351    1.1157
    17      16       250       234   55.0515        56  0.155485   1.10933
    18      16       268       252   55.9927        72  0.443644   1.11302
    19      16       270       254   53.4668         8  0.660546   1.10823
2014-12-09 23:03:37.914165min lat: 0.155485 max lat: 3.30981 avg lat: 1.14874
   sec Cur ops   started  finished  avg MB/s  cur MB/s  last lat   avg lat
    20      16       283       267   53.3931        52   1.69444   1.14874
    21      16       296       280   53.3264        52   1.65618    1.1645
    22      16       309       293   53.2658        52  0.713633   1.16161
    23      16       324       308   53.5582        60   1.90063   1.16822
    24      16       337       321   53.4931        52  0.436368   1.15853
    25      16       347       331   52.9532        40  0.559688   1.15712
    26      16       357       341   52.4549        40  0.697226    1.1573
    27      16       370       354   52.4378        52   2.33798   1.17635
    28      16       387       371   52.9933        68   1.20859   1.18354
    29      16       396       380   52.4071        36  0.484005    1.1743
    30      16       407       391   52.1267        44  0.697728   1.17961
    31      16       420       404   52.1225        52   2.12662   1.19596
    32      16       429       413   51.6185        36    1.7647   1.20113
    33      16       446       430   52.1146        68  0.593014   1.20432
    34      16       464       448   52.6992        72   1.03832   1.19931
    35      16       481       465   53.1361        68  0.613844   1.18504
    36      16       492       476   52.8822        44  0.383244    1.1824
    37      16       501       485   52.4258        36  0.439849   1.17361
    38      16       509       493   51.8882        32  0.674128   1.19116
    39      16       527       511   52.4037        72   1.39735   1.20979
2014-12-09 23:03:57.916558min lat: 0.155485 max lat: 3.30981 avg lat: 1.1968
   sec Cur ops   started  finished  avg MB/s  cur MB/s  last lat   avg lat
    40      16       545       529   52.8934        72  0.625985    1.1968
    41      16       561       545   53.1641        64   1.01317   1.18735
    42      16       575       559   53.2314        56  0.860042   1.18465
    43      16       583       567   52.7376        32   0.39698    1.1838
    44      16       591       575   52.2662        32    1.0077   1.18472
    45      16       601       585   51.9934        40  0.609075   1.19529
    46      16       619       603   52.4282        72  0.253096    1.2053
    47      16       640       624   53.0996        84  0.666344   1.19355
    48      16       657       641   53.4098        68   1.06591   1.18892
    49      16       666       650   53.0545        36  0.795446   1.18513
    50      16       679       663   53.0332        52  0.794554   1.18426
    51      16       688       672   52.6991        36  0.601399   1.18674
    52      16       694       678   52.1472        24    1.6923   1.19237
    53      16       713       697    52.597        76  0.630317   1.20304
    54      16       732       716   53.0301        76  0.160025   1.19655
    55      16       744       728   52.9385        48   0.40514    1.1908
    56      16       753       737    52.636        36  0.106988   1.18926
    57      16       763       747   52.4142        40  0.422215   1.18766
    58      16       767       751   51.7863        16  0.258648    1.1839
    59      16       778       762   51.6543        44   4.28922   1.20138
2014-12-09 23:04:17.919435min lat: 0.106988 max lat: 4.34192 avg lat: 1.20816
   sec Cur ops   started  finished  avg MB/s  cur MB/s  last lat   avg lat
    60      16       786       770   51.3266        32  0.321691   1.20816
    61      15       787       772   50.6163         8   1.16845   1.20951
    62      11       787       776    50.058        16   5.84066   1.22898
 Total time run:         62.336570
Total writes made:      787
Write size:             4194304
Bandwidth (MB/sec):     50.500 

Stddev Bandwidth:       19.5144
Max bandwidth (MB/sec): 84
Min bandwidth (MB/sec): 0
Average Latency:        1.26227
Stddev Latency:         0.876248
Max latency:            6.27129
Min latency:            0.106988
