 Maintaining 16 concurrent writes of 4194304 bytes for up to 60 seconds or 0 objects
 Object prefix: benchmark_data_ceph-radosbench-1_1
   sec Cur ops   started  finished  avg MB/s  cur MB/s  last lat   avg lat
     0       0         0         0         0         0         -         0
     1      16        39        23   91.9365        92  0.281052  0.381013
     2      16        66        50   99.9505       108  0.447576  0.457686
     3      16        95        79    105.29       116  0.337299  0.466606
     4      16       121       105   104.964       104  0.539948  0.486712
     5      16       149       133   106.365       112  0.205768  0.513007
     6      16       180       164     109.3       124  0.221957  0.492206
     7      16       203       187   106.826        92  0.128435  0.473368
     8      16       227       211   105.471        96  0.782303  0.536411
     9      16       258       242   107.527       124  0.210166  0.557659
    10      16       290       274   109.572       128   1.95181  0.557824
    11      16       317       301   109.427       108  0.316623  0.545231
    12      16       346       330   109.973       116  0.428828  0.537517
    13      16       372       356   109.513       104  0.443498  0.523356
    14      16       401       385   109.975       116  0.166746  0.529331
    15      16       431       415   110.642       120  0.166573   0.53993
    16      16       459       443   110.726       112  0.244811   0.53532
    17      16       486       470   110.564       108  0.301349  0.533071
    18      16       514       498   110.643       112  0.254169  0.540019
    19      16       536       520   109.451        88  0.192599  0.537295
2014-12-11 01:14:20.586941min lat: 0.09691 max lat: 5.11013 avg lat: 0.532823
   sec Cur ops   started  finished  avg MB/s  cur MB/s  last lat   avg lat
    20      16       561       545   108.978       100  0.158692  0.532823
    21      16       590       574   109.311       116  0.217573  0.560978
    22      16       622       606    110.16       128    1.1935   0.56999
    23      16       653       637   110.761       124  0.195916   0.56569
    24      16       680       664   110.645       108   0.34527  0.562925
    25      16       700       684   109.419        80   0.26674  0.568608
    26      16       727       711   109.364       108  0.204143  0.562583
    27      16       758       742   109.905       124  0.287771  0.565635
    28      16       789       773   110.408       124  0.438605  0.570089
    29      16       816       800   110.324       108  0.770797  0.571448
    30      16       839       823   109.713        92  0.530888  0.575404
    31      16       869       853   110.044       120  0.247973  0.573137
    32      16       899       883   110.355       120  0.502127  0.574026
    33      16       925       909   110.161       104  0.234265   0.57389
    34      16       951       935   109.979       104   1.26009  0.574316
    35      16       975       959    109.58        96  0.199709  0.571955
    36      16      1002       986   109.535       108   0.23685  0.569297
    37      16      1036      1020    110.25       136   0.52749  0.572306
    38      16      1067      1051   110.611       124  0.269314  0.570759
    39      16      1094      1078   110.544       108  0.233446  0.570963
2014-12-11 01:14:40.590137min lat: 0.09691 max lat: 5.59999 avg lat: 0.569126
   sec Cur ops   started  finished  avg MB/s  cur MB/s  last lat   avg lat
    40      16      1122      1106    110.58       112  0.279111  0.569126
    41      16      1152      1136   110.809       120   3.50111  0.569309
    42      16      1177      1161   110.551       100  0.353093  0.568125
    43      16      1198      1182   109.934        84   3.52151  0.570101
    44      16      1235      1219   110.798       148   0.30463  0.573388
    45      16      1259      1243   110.469        96   1.43796  0.573239
    46      16      1287      1271   110.502       112  0.385122  0.572366
    47      16      1316      1300   110.619       116  0.272357  0.573141
    48      16      1345      1329    110.73       116  0.455847  0.574248
    49      16      1369      1353   110.429        96   1.01743  0.575341
    50      16      1395      1379   110.301       104  0.516376  0.572988
    51      16      1425      1409    110.49       120  0.377859  0.575316
    52      16      1454      1438   110.596       116  0.463988   0.57419
    53      16      1484      1468   110.773       120  0.144848  0.572456
    54      16      1513      1497    110.87       116  0.328149  0.571411
    55      16      1539      1523   110.744       104   0.29814  0.574453
    56      16      1567      1551   110.767       112  0.348769   0.57364
    57      16      1589      1573   110.367        88  0.232278  0.572095
    58      16      1620      1604   110.602       124  0.295054  0.571861
    59      16      1646      1630    110.49       104  0.216727  0.572486
2014-12-11 01:15:00.593060min lat: 0.09691 max lat: 5.59999 avg lat: 0.574164
   sec Cur ops   started  finished  avg MB/s  cur MB/s  last lat   avg lat
    60      16      1674      1658   110.515       112  0.411366  0.574164
 Total time run:         60.468348
Total writes made:      1675
Write size:             4194304
Bandwidth (MB/sec):     110.802 

Stddev Bandwidth:       19.0789
Max bandwidth (MB/sec): 148
Min bandwidth (MB/sec): 0
Average Latency:        0.576524
Stddev Latency:         0.69396
Max latency:            5.59999
Min latency:            0.09691
