 Maintaining 16 concurrent writes of 4194304 bytes for up to 60 seconds or 0 objects
 Object prefix: benchmark_data_ceph-radosbench-1_1
   sec Cur ops   started  finished  avg MB/s  cur MB/s  last lat   avg lat
     0       0         0         0         0         0         -         0
     1      16        37        21   83.9615        84  0.550377  0.495525
     2      16        65        49   97.9663       112  0.358118  0.516528
     3      16        89        73   97.3057        96  0.439166  0.554964
     4      16       113        97   96.9742        96  0.956704  0.572583
     5      15       142       127   101.574       120  0.341285  0.585779
     6      16       174       158   105.309       124  0.269415  0.585599
     7      16       198       182   103.976        96  0.176337  0.573629
     8      16       230       214   106.976       128  0.441677  0.577298
     9      16       256       240   106.643       104  0.621115  0.573113
    10      16       281       265   105.974       100  0.763708  0.579178
    11      16       305       289   105.066        96  0.523455  0.585904
    12      16       337       321   106.974       128  0.336356  0.584203
    13      16       361       345   106.128        96   0.64742  0.588536
    14      16       385       369   105.403        96  0.402127  0.588571
    15      16       419       403   107.441       136  0.782769  0.586741
    16      16       439       423   105.725        80  0.459339  0.588915
    17      16       463       447   105.152        96  0.229558  0.592268
    18      16       494       478   106.198       124   0.51403  0.593494
    19      16       523       507   106.712       116  0.489554  0.591776
2015-02-01 03:14:28.329061min lat: 0.103259 max lat: 2.41263 avg lat: 0.587005
   sec Cur ops   started  finished  avg MB/s  cur MB/s  last lat   avg lat
    20      16       552       536   107.175       116  0.434494  0.587005
    21      16       580       564   107.404       112  0.403408  0.586986
    22      16       600       584   106.157        80  0.391241   0.58679
    23      16       626       610   106.063       104   0.29442  0.597271
    24      16       653       637   106.142       108  0.644879  0.592963
    25      16       683       667   106.696       120  0.414742  0.592466
    26      16       706       690    106.13        92  0.650316  0.591862
    27      16       738       722   106.939       128   0.80412  0.593697
    28      16       756       740   105.691        72  0.355761  0.592038
    29      16       785       769   106.045       116   0.34686  0.594313
    30      16       814       798   106.376       116  0.515328  0.593735
    31      16       846       830     106.9       128  0.949557  0.593457
    32      16       872       856   106.809       104  0.644126  0.592213
    33      16       898       882   106.723       104   0.61418  0.592195
    34      16       920       904   106.173        88  0.898187  0.594461
    35      16       951       935   106.681       124  0.491651  0.596075
    36      16       978       962   106.717       108  0.915079  0.593887
    37      16      1008       992   107.075       120  0.358166  0.591373
    38      16      1031      1015   106.678        92  0.999134  0.593612
    39      16      1062      1046   107.121       124  0.403066  0.592605
2015-02-01 03:14:48.383192min lat: 0.103259 max lat: 2.41263 avg lat: 0.593347
   sec Cur ops   started  finished  avg MB/s  cur MB/s  last lat   avg lat
    40      16      1080      1064   106.244        72   1.10584  0.593347
    41      16      1115      1099   107.065       140  0.644775  0.594079
    42      16      1141      1125   106.992       104  0.481747   0.59244
    43      16      1172      1156   107.387       124  0.405563   0.59255
    44      16      1200      1184   107.491       112  0.433886  0.591498
    45      16      1222      1206   107.058        88  0.671743  0.591445
    46      16      1245      1229   106.731        92  0.977163  0.594287
    47      16      1275      1259   107.012       120  0.421207   0.59401
    48      16      1302      1286   107.032       108   0.43384  0.592715
    49      16      1333      1317   107.378       124  0.491651  0.592888
    50      16      1355      1339    106.99        88  0.333788  0.593075
    51      16      1383      1367   107.088       112  0.550119  0.592871
    52      16      1405      1389    106.72        88  0.275593  0.591805
    53      16      1437      1421   107.121       128  0.541543  0.592862
    54      16      1463      1447   107.063       104  0.327026  0.592993
    55      16      1495      1479   107.443       128  0.754991  0.592253
    56      16      1523      1507   107.524       112  0.602262  0.591773
    57      16      1549      1533   107.462       104   0.36497  0.591199
    58      16      1568      1552   106.919        76   1.00468  0.592788
    59      16      1602      1586   107.411       136  0.493584  0.592062
2015-02-01 03:15:08.387237min lat: 0.103259 max lat: 2.41263 avg lat: 0.593849
   sec Cur ops   started  finished  avg MB/s  cur MB/s  last lat   avg lat
    60      16      1625      1609   107.154        92   1.11767  0.593849
 Total time run:         60.652482
Total writes made:      1626
Write size:             4194304
Bandwidth (MB/sec):     107.234 

Stddev Bandwidth:       21.7153
Max bandwidth (MB/sec): 140
Min bandwidth (MB/sec): 0
Average Latency:        0.596774
Stddev Latency:         0.329996
Max latency:            2.41263
Min latency:            0.103259
