 Maintaining 16 concurrent writes of 4194304 bytes for up to 60 seconds or 0 objects
 Object prefix: benchmark_data_ceph-radosbench-1_1
   sec Cur ops   started  finished  avg MB/s  cur MB/s  last lat   avg lat
     0       0         0         0         0         0         -         0
     1      16        34        18   71.9757        72  0.933539  0.506994
     2      16        67        51   101.975       132   0.42733  0.506013
     3      16        93        77   102.645       104   0.90584  0.480482
     4      16       118       102    101.98       100   0.09946   0.51703
     5      16       144       128    102.38       104  0.241864  0.543347
     6      16       173       157   104.646       116  0.115064  0.549289
     7      16       201       185   105.694       112  0.320642  0.553371
     8      16       233       217    108.48       128  0.364902   0.55152
     9      16       259       243    107.98       104  0.716723  0.560532
    10      16       283       267   106.781        96  0.133689  0.567618
    11      16       311       295   107.254       112   1.05127   0.56973
    12      16       341       325   108.315       120  0.691269  0.569784
    13      16       370       354   108.904       116  0.339346  0.568482
    14      16       396       380   108.553       104  0.169973  0.552325
    15      16       418       402   107.182        88  0.661795  0.544428
    16      16       444       428   106.982       104  0.220792  0.543557
    17      16       453       437   102.807        36  0.463826   0.53903
    18      16       468       452   100.428        60  0.138959  0.585086
    19      16       488       472   99.3524        80   3.11088  0.612803
2014-12-11 00:42:57.336693min lat: 0.094136 max lat: 5.38761 avg lat: 0.605623
   sec Cur ops   started  finished  avg MB/s  cur MB/s  last lat   avg lat
    20      16       513       497   99.3841       100  0.135053  0.605623
    21      16       538       522   99.4129       100  0.316351  0.609525
    22      16       554       538    97.803        64  0.106048  0.611457
    23      16       579       563   97.8979       100  0.097416  0.620093
    24      16       590       574   95.6519        44  0.098476   0.61193
    25      16       598       582   93.1057        32  0.098554  0.625225
    26      16       602       586   90.1401        16  0.094916   0.62161
    27      16       615       599   88.7274        52  0.096075  0.635635
    28      16       630       614   87.7011        60  0.104479  0.651498
    29      16       642       626    86.332        48   5.62493  0.696621
    30      16       662       646   86.1208        80  0.105682  0.717344
    31      16       691       675   87.0842       116  0.315834  0.706352
    32      16       720       704   87.9874       116   0.19629  0.709348
    33      16       748       732   88.7146       112  0.228959   0.70542
    34      16       768       752   88.4579        80  0.136728  0.703367
    35      16       794       778   88.9015       104  0.096544  0.688258
    36      16       809       793   88.0985        60  0.137876  0.680535
    37      16       823       807   87.2307        56   0.13639  0.688441
    38      16       842       826   86.9348        76  0.093539  0.675722
    39      16       855       839    86.039        52  0.096718     0.688
2014-12-11 00:43:17.339181min lat: 0.093421 max lat: 6.22355 avg lat: 0.712458
   sec Cur ops   started  finished  avg MB/s  cur MB/s  last lat   avg lat
    40      16       879       863   86.2878        96  0.224976  0.712458
    41      16       905       889   86.7195       104  0.161382  0.724451
    42      16       937       921   87.7019       128  0.438136  0.722061
    43      16       961       945   87.8946        96  0.219135   0.71662
    44      16       984       968   87.9876        92  0.868323  0.711746
    45      16      1008       992   88.1653        96  0.194732  0.708739
    46      16      1018      1002   87.1181        40  0.115017   0.70402
    47      16      1025      1009   85.8602        28  0.099546  0.700415
    48      16      1027      1011   84.2382         8  0.099872  0.699224
    49      16      1035      1019   83.1721        32  0.102923  0.711323
    50      16      1048      1032   82.5486        52  0.133365  0.721857
    51      16      1080      1064   83.4395       128   5.42246  0.753235
    52      16      1106      1090   83.8346       104   0.24857  0.752659
    53      16      1137      1121   84.5921       124  0.169674  0.750227
    54      16      1160      1144   84.7291        92  0.745369  0.745184
    55      16      1186      1170   85.0792       104  0.129389  0.740635
    56      16      1191      1175    83.917        20  0.327173  0.738766
    57      16      1197      1181   82.8658        24  0.096688  0.735995
    58      16      1209      1193   82.2646        48  0.095916  0.740891
    59      16      1219      1203   81.5482        40  0.122149  0.736558
2014-12-11 00:43:37.341633min lat: 0.093421 max lat: 6.65476 avg lat: 0.755747
   sec Cur ops   started  finished  avg MB/s  cur MB/s  last lat   avg lat
    60      16      1236      1220   81.3223        68  0.108964  0.755747
    61       9      1237      1228   80.5136        32  0.915694  0.772108
 Total time run:         61.177336
Total writes made:      1237
Write size:             4194304
Bandwidth (MB/sec):     80.880 

Stddev Bandwidth:       34.9826
Max bandwidth (MB/sec): 132
Min bandwidth (MB/sec): 0
Average Latency:        0.787683
Stddev Latency:         1.32015
Max latency:            6.65476
Min latency:            0.093421
