 Maintaining 16 concurrent writes of 4194304 bytes for up to 60 seconds or 0 objects
 Object prefix: benchmark_data_ceph-radosbench-1_1
   sec Cur ops   started  finished  avg MB/s  cur MB/s  last lat   avg lat
     0       0         0         0         0         0         -         0
     1      16        30        14   55.9804        56  0.407481  0.376221
     2      16        60        44   87.9782       120  0.373927  0.511196
     3      16        79        63   83.9823        76  0.131487  0.523527
     4      16        93        77   76.9853        56  0.354449  0.578166
     5      16       115        99   79.1857        88  0.730003  0.629526
     6      16       130       114   75.9869        60   1.42529  0.677395
     7      16       146       130   74.2727        64  0.128764  0.755679
     8      16       168       152    75.987        88  0.066966  0.771578
     9      16       187       171   75.9873        76  0.184161  0.786861
    10      16       202       186   74.3876        60  0.066597  0.792569
    11      16       221       205   74.5332        76  0.240917  0.795035
    12      16       230       214   71.3216        36   2.48277  0.827458
    13      16       249       233   71.6807        76  0.065939  0.826932
    14      16       262       246   70.2745        52  0.522793  0.853679
    15      16       269       253    67.456        28  0.648069  0.871105
    16      16       292       276   68.9892        92  0.124427   0.88081
    17      16       315       299    70.342        92  0.570232  0.869091
    18      16       325       309    68.656        40  0.428521  0.870558
    19      16       338       322    67.779        52  0.799634  0.861698
2014-12-10 01:10:05.808407min lat: 0.064807 max lat: 3.70955 avg lat: 0.880022
   sec Cur ops   started  finished  avg MB/s  cur MB/s  last lat   avg lat
    20      16       358       342   68.3895        80   0.32475  0.880022
    21      16       374       358     68.18        64  0.107736  0.897109
    22      16       386       370   67.2624        48  0.280355  0.900069
    23      16       401       385   66.9463        60   0.07074  0.907798
    24      16       414       398   66.3233        52  0.466237  0.914108
    25      16       437       421   67.3499        92  0.073614  0.916874
    26      16       458       442   67.9898        84  0.324765  0.916703
    27      16       479       463   68.5823        84  0.067239  0.916697
    28      16       496       480   68.5612        68   1.20059  0.912667
    29      16       513       497   68.5415        68  0.065261   0.90812
    30      16       525       509   67.8566        48  0.097422  0.903791
    31      16       531       515   66.4418        24    3.0642  0.916538
    32      16       557       541    67.615       104  0.764279  0.931814
    33      16       576       560   67.8688        76  0.471529  0.917829
    34      16       592       576   67.7547        64   2.34403  0.918054
    35      16       606       590   67.4186        56   3.00283  0.917532
    36      16       619       603   66.9901        52  0.097335   0.90992
    37      16       632       616   66.5848        52  0.074157  0.916536
    38      16       638       622   65.4641        24   0.29372  0.928589
    39      16       660       644   66.0416        88  0.185954  0.948042
2014-12-10 01:10:25.811174min lat: 0.064597 max lat: 4.71156 avg lat: 0.940624
   sec Cur ops   started  finished  avg MB/s  cur MB/s  last lat   avg lat
    40      16       684       668   66.7903        96  0.142716  0.940624
    41      16       698       682   66.5269        56    1.0281  0.939807
    42      16       712       696    66.276        56  0.439665  0.941273
    43      16       719       703   65.3858        28  0.065216  0.937875
    44      16       739       723   65.7177        80  0.746543  0.955222
    45      16       754       738   65.5905        60   1.10456   0.95971
    46      16       769       753   65.4688        60   1.91945  0.962494
    47      16       780       764   65.0119        44   2.10828  0.968558
    48      16       798       782   65.1572        72  0.163204  0.968323
    49      16       812       796   64.9702        56  0.287158  0.964463
    50      16       833       817   65.3506        84    1.8124  0.969218
    51      16       845       829   65.0102        48  0.271157   0.96593
    52      16       862       846   65.0675        68  0.927837  0.963557
    53      16       870       854   64.4435        32  0.656832  0.961898
    54      16       888       872   64.5833        72   0.06784  0.976212
    55      16       905       889   64.6453        68  0.069674  0.975627
    56      16       928       912   65.1335        92    1.1311  0.975488
    57      16       950       934   65.5345        88  0.898194  0.966035
    58      16       966       950   65.5079        64  0.096564  0.961334
    59      16       980       964   65.3466        56  0.609191  0.962872
2014-12-10 01:10:45.813902min lat: 0.064597 max lat: 4.71156 avg lat: 0.964152
   sec Cur ops   started  finished  avg MB/s  cur MB/s  last lat   avg lat
    60      16       989       973   64.8574        36  0.103852  0.964152
    61      10       990       980   64.2531        28   2.28706  0.973784
 Total time run:         61.555646
Total writes made:      990
Write size:             4194304
Bandwidth (MB/sec):     64.332 

Stddev Bandwidth:       22.3808
Max bandwidth (MB/sec): 120
Min bandwidth (MB/sec): 0
Average Latency:        0.990516
Stddev Latency:         0.981003
Max latency:            4.71156
Min latency:            0.064597
