 Maintaining 16 concurrent writes of 4194304 bytes for up to 60 seconds or 0 objects
 Object prefix: benchmark_data_ceph-radosbench-1_1
   sec Cur ops   started  finished  avg MB/s  cur MB/s  last lat   avg lat
     0       0         0         0         0         0         -         0
     1      16        38        22     87.97        88  0.967333  0.453111
     2      16        66        50   99.9756       112  0.789572  0.492579
     3      16        96        80   106.644       120     0.219   0.45686
     4      16       125       109    108.98       116   0.25192  0.444647
     5      16       149       133   106.381        96   2.28282  0.513839
     6      16       173       157   104.649        96  0.222494  0.538554
     7      16       202       186   106.268       116  0.228692  0.560133
     8      16       235       219   109.481       132  0.862545  0.561544
     9      16       264       248   110.204       116  0.597479   0.56019
    10      15       291       276   110.382       112   1.47046  0.562686
    11      15       313       298   108.346        88  0.777189  0.564683
    12      16       346       330   109.981       128   0.91797  0.566447
    13      16       374       358   110.134       112  0.200096  0.560706
    14      16       405       389   111.123       124  0.581564  0.565008
    15      16       432       416   110.913       108  0.372509  0.565428
    16      16       458       442    110.48       104   1.26739  0.568913
    17      16       484       468   110.097       104  0.628819  0.568215
    18      16       515       499   110.868       124  0.263554  0.567577
    19      16       541       525   110.505       104  0.371679  0.565229
2014-12-11 00:53:20.407873min lat: 0.111696 max lat: 2.99267 avg lat: 0.557884
   sec Cur ops   started  finished  avg MB/s  cur MB/s  last lat   avg lat
    20      16       565       549   109.779        96  0.223443  0.557884
    21      16       591       575   109.503       104  0.254917  0.560915
    22      16       619       603   109.615       112  0.236494  0.569252
    23      16       644       628   109.196       100  0.685294  0.569095
    24      16       672       656   109.312       112  0.177433   0.56675
    25      16       705       689   110.219       132  0.248797  0.565969
    26      16       735       719   110.594       120   2.31403  0.566753
    27      16       765       749   110.942       120   0.61284  0.566729
    28      16       789       773   110.407        96  0.967473   0.57028
    29      16       814       798   110.048       100  0.195303  0.570122
    30      16       847       831   110.779       132  0.283965  0.563816
    31      16       879       863   111.334       128  0.414801  0.569726
    32      16       906       890   111.229       108  0.396304  0.567297
    33      16       932       916    111.01       104  0.260528  0.567887
    34      16       958       942   110.803       104   1.69359  0.570378
    35      16       985       969   110.723       108  0.235048   0.57071
    36      15      1009       994   110.424       100  0.114304  0.570422
    37      16      1042      1026   110.899       128  0.369401  0.568839
    38      16      1070      1054   110.927       112  0.623111  0.570676
    39      16      1099      1083   111.057       116  0.823619  0.570804
2014-12-11 00:53:40.411225min lat: 0.093661 max lat: 3.22964 avg lat: 0.570763
   sec Cur ops   started  finished  avg MB/s  cur MB/s  last lat   avg lat
    40      16      1122      1106    110.58        92   1.13181  0.570763
    41      16      1158      1142   111.395       144  0.956948  0.571378
    42      16      1183      1167   111.123       100   1.24396  0.568848
    43      16      1213      1197   111.329       120  0.230827  0.567947
    44      16      1239      1223   111.162       104  0.216354  0.568507
    45      16      1262      1246   110.736        92  0.346154  0.569592
    46      16      1286      1270   110.415        96   1.07959  0.571584
    47      16      1323      1307   111.215       148  0.769845  0.572196
    48      15      1352      1337   111.397       120   1.07577  0.570659
    49      16      1379      1363   111.246       104  0.235115   0.56925
    50      16      1409      1393   111.421       120  0.327304  0.569698
    51      16      1433      1417   111.118        96   1.55271  0.570822
    52      16      1453      1437   110.519        80  0.254214  0.572648
    53      16      1481      1465   110.547       112  0.144006  0.566487
    54      16      1512      1496   110.796       124  0.266355  0.568743
    55      16      1543      1527   111.035       124  0.392425  0.572887
    56      16      1572      1556   111.124       116  0.203202  0.570878
    57      16      1601      1585   111.209       116   0.51857  0.572915
    58      16      1627      1611   111.081       104  0.727559  0.572586
    59      15      1649      1634   110.758        92   1.04737  0.572493
2014-12-11 00:54:00.415895min lat: 0.093661 max lat: 3.22964 avg lat: 0.572334
   sec Cur ops   started  finished  avg MB/s  cur MB/s  last lat   avg lat
    60      16      1687      1671   111.378       148   0.39766  0.572334
 Total time run:         60.790178
Total writes made:      1688
Write size:             4194304
Bandwidth (MB/sec):     111.071 

Stddev Bandwidth:       20.3866
Max bandwidth (MB/sec): 148
Min bandwidth (MB/sec): 0
Average Latency:        0.575156
Stddev Latency:         0.492015
Max latency:            3.22964
Min latency:            0.093661
