 Maintaining 16 concurrent writes of 4194304 bytes for up to 60 seconds or 0 objects
 Object prefix: benchmark_data_ceph-radosbench-1_1
   sec Cur ops   started  finished  avg MB/s  cur MB/s  last lat   avg lat
     0       0         0         0         0         0         -         0
     1      16        25         9   35.9889        36  0.995331  0.670734
     2      16        38        22   43.9894        52  0.599501  0.946311
     3      16        52        36   47.9908        56  0.886233  0.996946
     4      16        58        42   41.9929        24  0.995425   1.04945
     5      16        67        51   40.7937        36   1.62684   1.19079
     6      16        83        67   44.6602        64   1.92718   1.30591
     7      16        95        79   45.1367        48  0.591654   1.26919
     8      16       106        90    44.994        44   1.80036   1.28117
     9      16       117       101   44.8831        44   1.10693   1.29939
    10      16       126       110   43.9943        36   1.13829   1.33441
    11      16       129       113   41.0858        12  0.593148   1.32727
    12      16       141       125   41.6613        48   1.77627   1.42033
    13      16       155       139   42.7638        56  0.689485    1.4239
    14      16       168       152   43.4232        52  0.593215   1.39007
    15      15       175       160   42.6615        32  0.341628   1.39789
    16      16       187       171   42.7447        44     2.217   1.41931
    17      16       192       176   41.4068        20   2.89441   1.42889
    18      16       199       183   40.6617        28   2.05449   1.45033
    19      16       211       195   41.0476        48  0.196909   1.45583
2014-12-09 22:58:38.298535min lat: 0.184272 max lat: 3.41196 avg lat: 1.47944
   sec Cur ops   started  finished  avg MB/s  cur MB/s  last lat   avg lat
    20      16       225       209   41.7949        56   1.49447   1.47944
    21      16       237       221   42.0901        48   1.87828   1.46631
    22      16       245       229   41.6313        32   1.08228   1.46873
    23      16       248       232    40.343        12   3.01663   1.48918
    24      16       254       238   39.6619        24  0.912915   1.48285
    25      16       266       250   39.9953        48  0.578257   1.51961
    26      16       280       264   40.6106        56   3.05673   1.53811
    27      16       290       274   40.5879        40  0.743161   1.53532
    28      16       300       284   40.5667        40   2.40944   1.52652
    29      16       309       293   40.4092        36  0.799857   1.52506
    30      16       315       299   39.8621        24   1.01767   1.52649
    31      16       328       312   40.2535        52   2.96495   1.55662
    32      16       336       320   39.9955        32   1.50253   1.55353
    33      16       352       336   40.7227        64  0.896579   1.54177
    34      16       360       344    40.466        32   1.79949   1.54073
    35      16       371       355   40.5669        44   2.21333   1.54404
    36      16       375       359   39.8844        16   1.78015   1.54749
    37      16       387       371   40.1036        48  0.400202   1.55353
    38      16       398       382    40.206        44  0.177656    1.5452
    39      16       408       392   40.2007        40    1.6326   1.55308
2014-12-09 22:58:58.300496min lat: 0.153617 max lat: 4.07333 avg lat: 1.5501
   sec Cur ops   started  finished  avg MB/s  cur MB/s  last lat   avg lat
    40      16       416       400   39.9956        32   1.20139    1.5501
    41      16       427       411   40.0931        44   0.69976     1.544
    42      16       436       420   39.9956        36  0.806771   1.54669
    43      16       446       430   39.9956        40   1.02172   1.54697
    44      16       454       438   39.8138        32   3.67224    1.5669
    45      16       464       448   39.8178        40  0.952613   1.57048
    46      16       475       459   39.9086        44  0.916567   1.56444
    47      16       483       467   39.7403        32   1.45081   1.56515
    48      16       493       477   39.7456        40  0.197777   1.56417
    49      16       505       489   39.9139        48   2.42509    1.5684
    50      16       515       499   39.9156        40  0.278335   1.56982
    51      16       522       506   39.6819        28   2.67695   1.57728
    52      16       533       517   39.7648        44    2.1585   1.57978
    53      16       541       525   39.6182        32  0.755797   1.57896
    54      16       554       538   39.8474        52    1.6252   1.58657
    55      16       561       545    39.632        28   1.99059   1.58673
    56      16       575       559   39.9242        56   1.31376   1.58476
    57      16       585       569   39.9254        40   1.36208   1.58014
    58      16       590       574   39.5819        20   1.59059   1.57675
    59      16       598       582   39.4533        32  0.405219   1.58372
2014-12-09 22:59:18.302625min lat: 0.153617 max lat: 4.26525 avg lat: 1.59736
   sec Cur ops   started  finished  avg MB/s  cur MB/s  last lat   avg lat
    60      16       610       594   39.5957        48   1.00917   1.59736
    61      16       611       595   39.0121         4    1.8019    1.5977
 Total time run:         61.570354
Total writes made:      611
Write size:             4194304
Bandwidth (MB/sec):     39.694 

Stddev Bandwidth:       13.5397
Max bandwidth (MB/sec): 64
Min bandwidth (MB/sec): 0
Average Latency:        1.60686
Stddev Latency:         0.843661
Max latency:            4.26525
Min latency:            0.153617
