 Maintaining 16 concurrent writes of 4194304 bytes for up to 60 seconds or 0 objects
 Object prefix: benchmark_data_ceph-radosbench-1_1
   sec Cur ops   started  finished  avg MB/s  cur MB/s  last lat   avg lat
     0       0         0         0         0         0         -         0
     1      16        32        16    63.977        64  0.764228  0.513703
     2      16        50        34   67.9821        72  0.510046  0.688621
     3      16        64        48   63.9856        56   1.40854    0.7943
     4      16        75        59   58.9873        44   1.20383  0.894069
     5      16        91        75   59.9878        64   1.41752  0.936538
     6      16        93        77   51.3238         8  0.212078   0.91794
     7      16        97        81   46.2777        16  0.183591  0.963968
     8      16       111        95   47.4923        56   3.47148   1.17791
     9      16       122       106   47.1039        44   1.34483   1.21529
    10      15       136       121   48.3928        60  0.678342   1.20114
    11      16       146       130   47.2656        36   2.79776   1.16471
    12      16       156       140   46.6598        40  0.306771   1.19868
    13      16       161       145    44.609        20  0.407406   1.23383
    14      16       162       146   41.7085         4  0.183546   1.22664
    15      16       162       146   38.9281         0         -   1.22664
    16      16       167       151    37.745        10  0.278954   1.30188
    17      16       185       169   39.7593        72  0.344485   1.38428
    18      16       198       182    40.439        52  0.320146   1.47176
    19      16       213       197   41.4681        60  0.829422   1.47923
2015-01-13 17:55:28.260217min lat: 0.102196 max lat: 5.94001 avg lat: 1.45885
   sec Cur ops   started  finished  avg MB/s  cur MB/s  last lat   avg lat
    20      16       230       214   42.7941        68   1.90789   1.45885
    21      16       237       221   42.0894        28  0.694115   1.44576
    22      16       250       234   42.5396        52  0.111629     1.432
    23      16       263       247   42.9506        52  0.964449   1.41672
    24      16       268       252   41.9942        20  0.418552   1.40175
    25      16       272       256   40.9543        16  0.208001   1.39914
    26      16       272       256   39.3792         0         -   1.39914
    27      16       280       264   39.1057        16  0.569416   1.48936
    28      16       299       283   40.4229        76  0.304869   1.51682
    29      16       317       301   41.5114        72  0.873826      1.51
    30      16       329       313   41.7273        48   1.23998    1.4968
    31      16       340       324   41.8004        44   1.03617   1.49382
    32      16       354       338   42.2439        56  0.578603   1.47645
    33      15       359       344    41.691        24   2.28047   1.47831
    34      16       369       353   41.5234        36  0.183637   1.48732
    35      16       378       362   41.3654        36   0.48678   1.46363
    36      16       385       369   40.9941        28  0.219258   1.47503
    37      16       397       381   41.1833        48  0.604237    1.5016
    38      16       413       397   41.7835        64  0.200339   1.50303
    39      16       426       410   42.0452        52   1.91347   1.49506
2015-01-13 17:55:48.263234min lat: 0.102196 max lat: 6.13844 avg lat: 1.48421
   sec Cur ops   started  finished  avg MB/s  cur MB/s  last lat   avg lat
    40      16       438       422   42.1939        48  0.244154   1.48421
    41      16       450       434   42.3354        48   0.26928   1.47384
    42      16       453       437    41.613        12   1.01951   1.47114
    43      16       453       437   40.6453         0         -   1.47114
    44      16       464       448   40.7214        22  0.302338   1.49735
    45      16       466       450   39.9943         8  0.379735   1.49212
    46      16       469       453   39.3857        12   6.15792   1.52408
    47      16       484       468   39.8241        60  0.289918   1.54871
    48      16       496       480   39.9943        48  0.218345   1.56157
    49      16       505       489   39.9126        36  0.400039   1.55543
    50      16       520       504   40.3142        60  0.241858   1.55027
    51      16       533       517   40.5432        52  0.238104   1.55024
    52      16       540       524   40.3019        28  0.179762   1.53238
    53      16       540       524   39.5415         0         -   1.53238
    54      16       540       524   38.8093         0         -   1.53238
    55      16       540       524   38.1037         0         -   1.53238
    56      16       548       532   37.9946         8    6.2562   1.57806
    57      16       566       550    38.591        72  0.162524   1.60301
    58      16       580       564   38.8911        56   2.92017   1.62082
    59      16       589       573    38.842        36  0.694553   1.61469
2015-01-13 17:56:08.265907min lat: 0.102196 max lat: 6.66141 avg lat: 1.61463
   sec Cur ops   started  finished  avg MB/s  cur MB/s  last lat   avg lat
    60      16       601       585   38.9945        48   2.65262   1.61463
    61      16       602       586   38.4208         4   2.93625   1.61689
    62      16       602       586   37.8011         0         -   1.61689
    63      16       602       586   37.2012         0         -   1.61689
    64      16       602       586   36.6199         0         -   1.61689
    65      16       602       586   36.0566         0         -   1.61689
 Total time run:         65.904418
Total writes made:      602
Write size:             4194304
Bandwidth (MB/sec):     36.538 

Stddev Bandwidth:       24.4887
Max bandwidth (MB/sec): 76
Min bandwidth (MB/sec): 0
Average Latency:        1.75143
Stddev Latency:         1.82461
Max latency:            7.93757
Min latency:            0.102196
