 Maintaining 16 concurrent writes of 4194304 bytes for up to 60 seconds or 0 objects
 Object prefix: benchmark_data_ceph-radosbench-1_1
   sec Cur ops   started  finished  avg MB/s  cur MB/s  last lat   avg lat
     0       0         0         0         0         0         -         0
     1      16        29        13    51.973        52  0.102294  0.331246
     2      16        50        34   67.9746        84   0.10919  0.513712
     3      16        74        58   77.3085        96  0.122963  0.441315
     4      16       101        85   84.9753       108  0.290458  0.675625
     5      16       122       106   84.7776        84    1.2058  0.669611
     6      16       151       135   89.9773       116   1.00143  0.674038
     7      16       180       164   93.6911       116   0.39198  0.653602
     8      16       206       190   94.9778       104  0.171287  0.648844
     9      16       233       217   96.4221       108  0.266436  0.638067
    10      16       257       241    96.378        96  0.909125  0.637484
    11      16       276       260    94.524        76  0.288036  0.633932
    12      16       308       292   97.3104       128  0.213876  0.641589
    13      16       337       321   98.7458       116  0.899476  0.629423
    14      16       364       348   99.4051       108  0.267337  0.618963
    15      16       391       375   99.9766       108  0.350118  0.628447
    16      16       418       402   100.477       108  0.697858  0.626441
    17      16       444       428   100.683       104  0.215911  0.623964
    18      16       475       459   101.977       124  0.675228  0.614482
    19      16       499       483   101.661        96  0.428472  0.613166
2015-02-01 02:58:06.264111min lat: 0.102294 max lat: 3.48084 avg lat: 0.612083
   sec Cur ops   started  finished  avg MB/s  cur MB/s  last lat   avg lat
    20      16       519       503   100.577        80  0.217806  0.612083
    21      16       544       528   100.548       100  0.193742  0.619009
    22      16       574       558   101.431       120  0.272282  0.620285
    23      16       596       580   100.847        88  0.628877  0.619469
    24      16       630       614    102.31       136   0.33083  0.615588
    25      16       655       639   102.217       100  0.317733  0.612898
    26      16       673       657   101.055        72  0.856406  0.610958
    27      16       700       684   101.311       108  0.599889  0.622098
    28      16       726       710   101.406       104  0.283316  0.620469
    29      16       747       731   100.805        84  0.201607  0.621448
    30      16       772       756   100.778       100  0.248439  0.624388
    31      16       801       785   101.215       116  0.322622  0.621701
    32      16       830       814   101.677       116  0.281647  0.622896
    33      16       853       837   101.383        92  0.242206  0.617863
    34      16       877       861   101.224        96  0.541937  0.613868
    35      16       897       881   100.618        80   1.19172  0.624951
    36      16       929       913   101.377       128  0.397686  0.624854
    37      16       951       935   101.015        88   1.03049  0.626996
    38      16       978       962   101.199       108  0.139293  0.627023
    39      16      1002       986   101.065        96  0.302234   0.62563
2015-02-01 02:58:26.284137min lat: 0.099115 max lat: 3.48084 avg lat: 0.626121
   sec Cur ops   started  finished  avg MB/s  cur MB/s  last lat   avg lat
    40      16      1027      1011   101.038       100   0.26439  0.626121
    41      16      1047      1031   100.524        80   0.84744  0.625962
    42      16      1077      1061   100.987       120  0.318409  0.627539
    43      16      1106      1090   101.336       116  0.343763  0.626632
    44      16      1133      1117   101.487       108  0.612393  0.626692
    45      16      1153      1137   101.009        80   0.70604  0.625093
    46      16      1179      1163   101.074       104  0.213965  0.625612
    47      16      1203      1187   100.965        96  0.281834  0.624411
    48      16      1232      1216   101.278       116  0.374896  0.626323
    49      16      1258      1242   101.333       104  0.566088  0.626054
    50      16      1289      1273   101.786       124  0.420146  0.625734
    51      16      1308      1292    101.28        76  0.511809  0.626223
    52      16      1336      1320   101.486       112  0.203981  0.626442
    53      16      1364      1348   101.683       112  0.216504  0.624399
    54      16      1394      1378   102.022       120   1.13589  0.624353
    55      16      1419      1403   101.985       100  0.215007  0.622416
    56      16      1447      1431   102.163       112  0.472069  0.622331
    57      16      1472      1456   102.125       100  0.258073    0.6224
    58      16      1500      1484   102.295       112  0.242634  0.619841
    59      16      1526      1510   102.324       104  0.176513   0.62079
2015-02-01 02:58:46.288087min lat: 0.099115 max lat: 3.48084 avg lat: 0.620917
   sec Cur ops   started  finished  avg MB/s  cur MB/s  last lat   avg lat
    60      16      1555      1539   102.551       116  0.686762  0.620917
    61      14      1556      1542   101.067        12  0.788449  0.620851
 Total time run:         61.573511
Total writes made:      1556
Write size:             4194304
Bandwidth (MB/sec):     101.082 

Stddev Bandwidth:       23.3405
Max bandwidth (MB/sec): 136
Min bandwidth (MB/sec): 0
Average Latency:        0.631253
Stddev Latency:         0.468142
Max latency:            3.48084
Min latency:            0.099115
