 Maintaining 16 concurrent writes of 4194304 bytes for up to 60 seconds or 0 objects
 Object prefix: benchmark_data_ceph-radosbench-1_1
   sec Cur ops   started  finished  avg MB/s  cur MB/s  last lat   avg lat
     0       0         0         0         0         0         -         0
     1      16        33        17   67.9774        68  0.270327  0.241483
     2      16        39        23   45.9887        24  0.261255  0.254137
     3      16        40        24   31.9935         4  0.097095  0.247594
     4      16        62        46   45.9919        88  0.239029   1.01003
     5      16        88        72   57.5902       104   1.15534   1.01943
     6      16       115        99   65.9889       108  0.219066  0.887083
     7      16       143       127   72.5595       112  0.602801   0.83434
     8      16       170       154   76.9876       108  0.542586  0.778277
     9      16       189       173   76.8767        76   1.40443  0.770903
    10      16       200       184   73.5881        44  0.172845  0.772971
    11      16       230       214   77.8058       120  0.067383  0.790826
    12      16       257       241   80.3206       108  0.180473  0.759382
    13      16       287       271   83.3714       120  0.678969  0.742565
    14      16       317       301   85.9865       120  0.291058  0.724178
    15      16       343       327   87.1864       104  0.097072  0.701561
    16      16       352       336    83.987        36  0.097039  0.701944
    17      16       381       365   85.8692       116   2.35667  0.724117
    18      16       410       394   87.5423       116  0.103038  0.704512
    19      16       428       412   86.7237        72  0.131538  0.706523
2014-12-10 01:58:47.510610min lat: 0.067103 max lat: 3.99537 avg lat: 0.708236
   sec Cur ops   started  finished  avg MB/s  cur MB/s  last lat   avg lat
    20      16       460       444   88.7866       128  0.512165  0.708236
    21      16       491       475   90.4626       124   1.32236  0.694096
    22      16       520       504   91.6226       116  0.989671   0.68614
    23      15       535       520   90.4212        64  0.065865  0.679853
    24      16       559       543   90.4865        92  0.480196   0.68672
    25      16       588       572   91.5064       116  0.175106  0.683142
    26      16       609       593   91.2172        84  0.157937  0.677285
    27      16       638       622   92.1345       116  0.151016  0.669772
    28      16       658       642   91.7007        80   0.15524  0.674444
    29      16       693       677   93.3655       140  0.905168  0.675523
    30      16       718       702   93.5862       100   1.36973  0.669445
    31      16       748       732   94.4377       120  0.121832  0.665876
    32      16       777       761    95.111       116  0.648311  0.664069
    33      16       804       788   95.5012       108  0.697214  0.662034
    34      16       824       808   95.0449        80  0.129942  0.659038
    35      16       840       824   94.1577        64  0.094034  0.659718
    36      16       864       848   94.2086        96  0.134656  0.664064
    37      16       897       881   95.2295       132  0.220095  0.668117
    38      16       929       913   96.0913       128  0.397762  0.661317
    39      16       966       950   97.4218       148   0.09263  0.652049
2014-12-10 01:59:07.513377min lat: 0.064925 max lat: 3.99537 avg lat: 0.64952
   sec Cur ops   started  finished  avg MB/s  cur MB/s  last lat   avg lat
    40      16       992       976   97.5859       104  0.844599   0.64952
    41      16      1008       992   96.7665        64  0.338156  0.646495
    42      16      1024      1008   95.9861        64  0.184331  0.648794
    43      16      1042      1026   95.4281        72   1.89276  0.661246
    44      16      1075      1059   96.2588       132  0.388155  0.658162
    45      16      1108      1092   97.0527       132   1.58817   0.65464
    46      16      1132      1116   97.0295        96  0.220906  0.652229
    47      16      1162      1146   97.5179       120   0.71064  0.649171
    48      16      1189      1173   97.7359       108  0.279053  0.647255
    49      16      1206      1190   97.1289        68  0.117736  0.642714
    50      16      1225      1209   96.7061        76  0.096477   0.64666
    51      16      1249      1233    96.692        96   1.20503   0.65377
    52      16      1277      1261   96.9861       112  0.227212  0.653056
    53      16      1297      1281   96.6654        80  0.828786  0.652191
    54      16      1319      1303   96.5047        88  0.489032  0.653906
    55      16      1336      1320   95.9863        68  0.142036  0.654627
    56      16      1355      1339   95.6292        76  0.282011  0.657298
    57      16      1384      1368   95.9863       116  0.129563  0.660531
    58      16      1411      1395   96.1932       108  0.257949  0.657039
    59      16      1436      1420   96.2575       100    0.1632  0.659282
2014-12-10 01:59:27.516130min lat: 0.064925 max lat: 3.99537 avg lat: 0.65713
   sec Cur ops   started  finished  avg MB/s  cur MB/s  last lat   avg lat
    60      16      1462      1446   96.3863       104  0.253673   0.65713
    61      16      1462      1446   94.8062         0         -   0.65713
    62      16      1462      1446    93.277         0         -   0.65713
 Total time run:         62.976132
Total writes made:      1462
Write size:             4194304
Bandwidth (MB/sec):     92.861 

Stddev Bandwidth:       34.7929
Max bandwidth (MB/sec): 148
Min bandwidth (MB/sec): 0
Average Latency:        0.688405
Stddev Latency:         0.749673
Max latency:            4.86398
Min latency:            0.064925
