 Maintaining 16 concurrent writes of 4194304 bytes for up to 60 seconds or 0 objects
 Object prefix: benchmark_data_ceph-radosbench-1_1
   sec Cur ops   started  finished  avg MB/s  cur MB/s  last lat   avg lat
     0       0         0         0         0         0         -         0
     1      16        33        17   67.9825        68  0.107905  0.164216
     2      16        48        32   63.9869        60  0.095384  0.365939
     3      16        77        61   81.3187       116  0.229753   0.35787
     4      16        98        82   81.9868        84  0.698189  0.668433
     5      16       129       113   90.3859       124  0.141218  0.594646
     6      16       155       139    92.651       104  0.985134  0.600099
     7      16       183       167   95.4121       112  0.106537  0.608945
     8      16       212       196   97.9835       116  0.193913  0.590432
     9      16       240       224   99.5389       112  0.243192  0.578058
    10      16       267       251   100.383       108  0.225675  0.586684
    11      16       295       279   101.438       112  0.195202  0.577146
    12      16       323       307   102.317       112  0.382956  0.594379
    13      16       350       334   102.753       108  0.796256  0.607656
    14      16       381       365   104.269       124  0.453534  0.599762
    15      16       407       391    104.25       104  0.395228  0.591253
    16      16       434       418   104.483       108   2.21548  0.589334
    17      16       463       447    105.16       116   0.53853  0.585136
    18      16       491       475   105.539       112  0.348379  0.584825
    19      16       518       502   105.668       108  0.384728   0.59143
2014-12-11 02:02:48.101045min lat: 0.095384 max lat: 3.62321 avg lat: 0.592726
   sec Cur ops   started  finished  avg MB/s  cur MB/s  last lat   avg lat
    20      16       547       531   106.183       116   1.96433  0.592726
    21      16       574       558   106.269       108  0.852361  0.594061
    22      16       602       586   106.529       112  0.252358  0.590627
    23      16       631       615    106.94       116  0.302264  0.590397
    24      16       658       642   106.984       108  0.465522  0.589205
    25      16       686       670   107.184       112  0.257203  0.587335
    26      16       716       700   107.676       120    0.3345   0.58738
    27      16       745       729   107.984       116  0.283384  0.587795
    28      16       769       753   107.555        96  0.917968   0.58617
    29      16       795       779   107.432       104  0.591789   0.58657
    30      16       824       808   107.717       116  0.243788  0.588198
    31      16       852       836   107.855       112  0.849928  0.586317
    32      16       881       865   108.109       116  0.552866  0.585451
    33      16       900       884   107.135        76  0.333304  0.585073
    34      16       932       916   107.748       128  0.812068  0.587751
    35      16       962       946   108.098       120  0.624924  0.586819
    36      16       989       973   108.095       108  0.322802  0.586357
    37      16      1020      1004   108.524       124  0.201618  0.584758
    38      16      1046      1030   108.405       104  0.535553  0.582616
    39      16      1074      1058   108.496       112  0.457994   0.58064
2014-12-11 02:03:08.103950min lat: 0.095384 max lat: 3.62321 avg lat: 0.581685
   sec Cur ops   started  finished  avg MB/s  cur MB/s  last lat   avg lat
    40      16      1101      1085   108.484       108   0.49575  0.581685
    41      16      1129      1113   108.569       112   1.11421  0.581892
    42      16      1162      1146   109.126       132  0.439127  0.581977
    43      16      1188      1172   109.007       104  0.320108  0.578909
    44      16      1213      1197   108.802       100  0.236233  0.576906
    45      16      1238      1222   108.606       100  0.229091  0.578973
    46      16      1268      1252   108.853       120   0.71929   0.58354
    47      16      1299      1283   109.175       124   0.33657  0.581024
    48      16      1327      1311   109.234       112  0.356055  0.579499
    49      16      1353      1337   109.126       104  0.472525  0.577862
    50      16      1386      1370   109.584       132  0.299086  0.577993
    51      16      1405      1389   108.925        76   2.74208  0.577896
    52      16      1437      1421   109.291       128  0.229627  0.581869
    53      16      1467      1451   109.493       120  0.376004  0.581205
    54      16      1493      1477   109.391       104  0.268496   0.57958
    55      16      1523      1507   109.584       120   1.65092  0.579146
    56      16      1552      1536   109.698       116  0.307749  0.578422
    57      16      1577      1561   109.528       100   2.03785  0.578571
    58      16      1606      1590   109.639       116  0.485733  0.580281
    59      16      1634      1618   109.679       112  0.464855  0.578886
2014-12-11 02:03:28.106849min lat: 0.095384 max lat: 3.62321 avg lat: 0.579474
   sec Cur ops   started  finished  avg MB/s  cur MB/s  last lat   avg lat
    60      16      1663      1647   109.784       116  0.279353  0.579474
 Total time run:         60.880379
Total writes made:      1664
Write size:             4194304
Bandwidth (MB/sec):     109.329 

Stddev Bandwidth:       19.6774
Max bandwidth (MB/sec): 132
Min bandwidth (MB/sec): 0
Average Latency:        0.58401
Stddev Latency:         0.527305
Max latency:            3.62321
Min latency:            0.095384
