 Maintaining 16 concurrent writes of 4194304 bytes for up to 60 seconds or 0 objects
 Object prefix: benchmark_data_ceph-radosbench-1_1
   sec Cur ops   started  finished  avg MB/s  cur MB/s  last lat   avg lat
     0       0         0         0         0         0         -         0
     1      16        32        16   63.9748        64  0.291036  0.498113
     2      16        56        40   79.9749        96  0.859943  0.594415
     3      16        73        57   75.9789        68  0.736322  0.669066
     4      16        87        71   70.9819        56  0.486701  0.762266
     5      16       107        91   72.7825        80   1.20197  0.798131
     6      16       127       111   73.9827        80   1.10112  0.787041
     7      16       144       128   73.1263        68   0.16636  0.813866
     8      16       160       144   71.9839        64  0.596979  0.818744
     9      16       178       162    71.984        72  0.695279  0.834192
    10      16       194       178   71.1843        64  0.313162  0.825478
    11      16       212       196   71.2572        72  0.810907  0.856674
    12      16       228       212    70.651        64   0.85041  0.861442
    13      16       247       231   71.0611        76  0.400232  0.861531
    14      16       258       242   69.1274        44  0.587637    0.8668
    15      16       281       265   70.6511        92   0.81805  0.876307
    16      16       300       284   70.9845        76   1.21423  0.875083
    17      16       318       302   71.0434        72  0.405458  0.865141
    18      16       332       316    70.207        56   0.22183  0.867612
    19      16       346       330   69.4587        56   0.26866  0.860184
2015-02-01 02:30:07.934538min lat: 0.100787 max lat: 2.84533 avg lat: 0.883213
   sec Cur ops   started  finished  avg MB/s  cur MB/s  last lat   avg lat
    20      16       369       353   70.5849        92  0.193891  0.883213
    21      16       383       367   69.8898        56   1.44819  0.889021
    22      16       392       376    68.349        36   1.60868  0.900585
    23      16       417       401   69.7243       100  0.364844  0.902741
    24      16       433       417   69.4853        64  0.895546  0.897306
    25      16       450       434   69.4254        68   1.08648   0.89909
    26      16       467       451   69.3701        68  0.323103  0.898326
    27      16       485       469    69.467        72  0.236085  0.899886
    28      16       499       483   68.9856        56   1.45289   0.90509
    29      16       517       501   69.0891        72  0.636765   0.90988
    30      16       534       518   69.0523        68   1.02133  0.909372
    31      16       547       531   68.4731        52  0.106298  0.907281
    32      16       567       551   68.8326        80   1.38786  0.915547
    33      16       588       572   69.2915        84  0.397611  0.907648
    34      16       607       591   69.4883        76  0.811843   0.90763
    35      16       623       607   69.3312        64  0.559208  0.910373
    36      16       639       623   69.1828        64  0.291838  0.909882
    37      16       653       637   68.8263        56  0.842517  0.913882
    38      16       668       652   68.5938        60    1.3665  0.916202
    39      16       690       674   69.0908        88  0.440854  0.915949
2015-02-01 02:30:27.951553min lat: 0.100473 max lat: 2.84533 avg lat: 0.916446
   sec Cur ops   started  finished  avg MB/s  cur MB/s  last lat   avg lat
    40      16       709       693   69.2631        76   1.21393  0.916446
    41      16       727       711   69.3295        72   1.07333  0.912501
    42      16       740       724   68.9168        52  0.233642  0.911323
    43      16       757       741   68.8952        68  0.577458  0.915855
    44      16       767       751   68.2385        40  0.175257  0.907128
    45      16       774       758   67.3444        28  0.177047  0.900565
    46      16       791       775   67.3584        68   3.52244  0.925422
    47      16       811       795    67.627        80  0.295196  0.932738
    48      16       820       804    66.968        36  0.289432  0.932588
    49      16       837       821   66.9887        68  0.867869  0.945252
    50      16       854       838   67.0087        68  0.393082  0.940806
    51      16       870       854   66.9494        64  0.186543  0.936061
    52      16       880       864   66.4311        40   3.11947  0.941496
    53      16       899       883   66.6113        76  0.802362  0.944329
    54      16       918       902   66.7849        76  0.898263  0.947533
    55      16       929       913   66.3705        44   1.54065  0.949746
    56      16       947       931   66.4708        72  0.527004  0.951523
    57      16       966       950   66.6376        76  0.836619  0.951435
    58      16       983       967   66.6609        68   1.84303  0.948413
    59      16      1002       986   66.8189        76   0.28817  0.946581
2015-02-01 02:30:47.955716min lat: 0.100473 max lat: 3.95981 avg lat: 0.946927
   sec Cur ops   started  finished  avg MB/s  cur MB/s  last lat   avg lat
    60      16      1022      1006   67.0382        80  0.563324  0.946927
    61       7      1023      1016   66.5949        40   1.10939  0.949513
 Total time run:         61.175558
Total writes made:      1023
Write size:             4194304
Bandwidth (MB/sec):     66.889 

Stddev Bandwidth:       17.1452
Max bandwidth (MB/sec): 100
Min bandwidth (MB/sec): 0
Average Latency:        0.953246
Stddev Latency:         0.655111
Max latency:            3.95981
Min latency:            0.100473
