 Maintaining 16 concurrent writes of 4194304 bytes for up to 60 seconds or 0 objects
 Object prefix: benchmark_data_ceph-radosbench-1_1
   sec Cur ops   started  finished  avg MB/s  cur MB/s  last lat   avg lat
     0       0         0         0         0         0         -         0
     1      16        39        23   91.9736        92   0.14095  0.435062
     2      16        59        43   85.9812        80  0.634353  0.589219
     3      16        74        58   77.3188        60  0.192915  0.596302
     4      16        87        71   70.9876        52  0.094634  0.587362
     5      16        98        82   65.5893        44  0.106942  0.625006
     6      16       107        91   60.6575        36  0.099849  0.686805
     7      16       127       111   63.4196        80  0.099282  0.767336
     8      16       142       126   62.9914        60  0.105327  0.878315
     9      16       160       144   63.9912        72    0.0983  0.868497
    10      16       182       166    66.391        88  0.096684   0.84078
    11      16       201       185   67.2638        76   0.17551  0.820258
    12      16       202       186    61.992         4  0.150585  0.816658
    13      16       202       186   57.2236         0         -  0.816658
    14      16       206       190   54.2791         8   0.10062  0.890902
    15      16       219       203   54.1268        52   0.12163  0.929675
    16      16       248       232   57.9931       116  0.309351  0.984556
    17      16       274       258   60.6986       104  0.326162   1.01356
    18      16       296       280   62.2147        88  0.189999  0.978363
    19      16       315       299   62.9397        76  0.228249  0.974976
2014-12-10 23:56:59.228531min lat: 0.093929 max lat: 5.83059 avg lat: 0.967693
   sec Cur ops   started  finished  avg MB/s  cur MB/s  last lat   avg lat
    20      16       328       312   62.3925        52  0.348659  0.967693
    21      16       340       324   61.7069        48  0.117613   0.95053
    22      16       347       331   60.1747        28  0.094033  0.932717
    23      16       347       331   57.5584         0         -  0.932717
    24      16       355       339   56.4933        16  0.112776   0.96318
    25      16       368       352   56.3134        52  0.170895   1.02847
    26      16       386       370   56.9165        72  0.160317   1.07352
    27      16       402       386   57.1786        64   0.09446   1.06962
    28      16       427       411   58.7076       100  0.354345   1.05368
    29      16       449       433   59.7174        88  0.315721    1.0283
    30      16       456       440     58.66        28  0.254836   1.01702
    31      16       456       440   56.7678         0         -   1.01702
    32      16       456       440   54.9939         0         -   1.01702
    33      16       467       451   54.6606   14.6667  0.093982   1.07361
    34      16       480       464   54.5822        52   0.09344   1.08279
    35      16       488       472   53.9368        32   5.35732   1.13515
    36      16       502       486    53.994        56  0.093547   1.12974
    37      16       516       500   54.0481        56  0.104733    1.1215
    38      16       524       508   53.4678        32  0.099198   1.12932
    39      16       528       512    52.507        16  0.095038   1.12232
2014-12-10 23:57:19.230520min lat: 0.093229 max lat: 6.26866 avg lat: 1.14584
   sec Cur ops   started  finished  avg MB/s  cur MB/s  last lat   avg lat
    40      16       533       517   51.6943        20  0.127798   1.14584
    41      16       545       529   51.6041        48  0.094554   1.12204
    42      16       553       537   51.1373        32   7.52208   1.14446
    43      16       577       561   52.1804        96  0.216447   1.17295
    44      16       591       575    52.267        56   3.83532   1.20078
    45      16       617       601   53.4164       104  0.200001   1.17262
    46      16       640       624   54.2549        92   2.66399   1.16089
    47      16       655       639    54.377        60   0.44911   1.13889
    48      16       661       645   53.7441        24  0.296166    1.1308
    49      16       661       645   52.6473         0         -    1.1308
    50      16       664       648   51.8343         6   5.68647   1.15178
    51      16       680       664   52.0727        64  0.094241   1.15177
    52      16       708       692    53.225       112  0.203181   1.16024
    53      16       731       715   53.9563        92  0.209859   1.16647
    54      16       748       732   54.2163        68  0.203962   1.15906
    55      16       770       754   54.8303        88  0.146948   1.15229
    56      16       782       766   54.7083        48  0.178481   1.14477
    57      16       799       783   54.9413        68  0.136807   1.13443
    58      16       802       786   54.2009        12  0.095203   1.13055
    59      16       802       786   53.2822         0         -   1.13055
2014-12-10 23:57:39.232795min lat: 0.093229 max lat: 7.52208 avg lat: 1.14246
   sec Cur ops   started  finished  avg MB/s  cur MB/s  last lat   avg lat
    60      16       809       793   52.8608        14  0.105876   1.14246
    61      16       810       794   52.0598         4    5.8298   1.14836
    62      16       810       794   51.2201         0         -   1.14836
 Total time run:         62.936321
Total writes made:      810
Write size:             4194304
Bandwidth (MB/sec):     51.481 

Stddev Bandwidth:       34.3748
Max bandwidth (MB/sec): 116
Min bandwidth (MB/sec): 0
Average Latency:        1.23787
Stddev Latency:         1.89414
Max latency:            7.89084
Min latency:            0.093229
