 Maintaining 16 concurrent writes of 4194304 bytes for up to 60 seconds or 0 objects
 Object prefix: benchmark_data_ceph-radosbench-1_1
   sec Cur ops   started  finished  avg MB/s  cur MB/s  last lat   avg lat
     0       0         0         0         0         0         -         0
     1      16        30        14   55.9784        56  0.924287  0.501619
     2      16        51        35   69.9804        84  0.892565  0.707254
     3      16        67        51    67.984        64  0.708354  0.775436
     4      16        80        64   63.9863        52  0.796889  0.810728
     5      16        94        78   62.3874        56   1.73534  0.871237
     6      16       110        94   62.6547        64  0.769841  0.858503
     7      16       123       107   61.1314        52   2.32988  0.929591
     8      16       135       119   59.4887        48  0.973699  0.982465
     9      16       152       136   60.4332        68  0.137162  0.986882
    10      16       164       148   59.1893        48   1.34052  0.996654
    11      15       178       163   59.2621        60  0.752736   1.02178
    12      16       193       177   58.9896        56  0.550659   1.01881
    13      16       208       192   59.0665        60  0.825081    1.0259
    14      16       221       205    58.561        52   1.04638   1.04237
    15      16       242       226   60.2561        84   0.55597   1.03475
    16      16       257       241   60.2394        60   1.61323   1.03555
    17      16       265       249   58.5774        32  0.176596   1.03633
    18      16       284       268   59.5447        76  0.748909   1.03187
    19      16       296       280   58.9367        48   2.87714   1.04151
2015-01-13 08:07:39.820240min lat: 0.120696 max lat: 2.87714 avg lat: 1.04978
   sec Cur ops   started  finished  avg MB/s  cur MB/s  last lat   avg lat
    20      16       314       298   59.5892        72   1.12713   1.04978
    21      16       328       312   59.4178        56   1.31128   1.04322
    22      16       343       327   59.4439        60   1.97401   1.04424
    23      16       357       341   59.2937        56   1.00112    1.0547
    24      16       370       354   58.9895        52  0.273159   1.04898
    25      16       379       363   58.0697        36   1.56056   1.05343
    26      16       393       377   57.9898        56   1.56634   1.07523
    27      16       406       390   57.7677        52  0.221302   1.07451
    28      16       419       403   57.5614        52   1.71719   1.07782
    29      16       435       419   57.7831        64  0.457671   1.08689
    30      16       451       435     57.99        64   1.10434   1.08519
    31      15       458       443   57.1422        32  0.165829   1.08046
    32      16       477       461    57.606        72   1.87297   1.08439
    33      16       490       474   57.4359        52  0.174689   1.08835
    34      16       502       486   57.1583        48   2.00123   1.08966
    35      16       518       502   57.3534        64  0.282673   1.09134
    36      16       527       511   56.7602        36  0.177053   1.08833
    37      16       539       523   56.5233        48  0.104095   1.08673
    38      16       551       535   56.2989        48  0.127139   1.09805
    39      15       565       550   56.3935        60  0.444602   1.11201
2015-01-13 08:07:59.828402min lat: 0.099894 max lat: 3.22998 avg lat: 1.11362
   sec Cur ops   started  finished  avg MB/s  cur MB/s  last lat   avg lat
    40      16       579       563   56.2834        52  0.180381   1.11362
    41      16       591       575   56.0812        48  0.114799   1.10876
    42      16       604       588   55.9839        52  0.356357   1.11647
    43      16       623       607   56.4491        76  0.774239   1.11878
    44      16       634       618    56.166        44   2.27488   1.11719
    45      16       645       629   55.8955        44  0.275242   1.12187
    46      16       664       648   56.3323        76  0.293635   1.12179
    47      16       678       662   56.3251        56  0.680086   1.11885
    48      16       690       674   56.1514        48   1.61381   1.11897
    49      15       707       692   56.4746        72  0.287225   1.11784
    50      16       720       704    56.305        48   1.69405   1.11904
    51      16       723       707   55.4363        12   2.05153   1.12279
    52      16       744       728   55.9853        84   0.88499   1.13292
    53      16       759       743   56.0609        60   0.24066    1.1303
    54      16       769       753   55.7633        40   1.25314   1.12904
    55      16       784       768   55.8402        60  0.211669   1.12994
    56      16       796       780   55.7001        48   1.61869   1.13057
    57      15       803       788   55.2842        32   1.45016   1.13718
    58      15       820       805   55.5032        68  0.685354   1.14441
    59      15       838       823   55.7826        72  0.503602   1.13858
2015-01-13 08:08:19.831542min lat: 0.099894 max lat: 3.22998 avg lat: 1.13456
   sec Cur ops   started  finished  avg MB/s  cur MB/s  last lat   avg lat
    60      16       852       836   55.7195        52  0.681207   1.13456
    61      16       853       837   54.8717         4   1.58798    1.1351
 Total time run:         61.805777
Total writes made:      853
Write size:             4194304
Bandwidth (MB/sec):     55.205 

Stddev Bandwidth:       16.544
Max bandwidth (MB/sec): 84
Min bandwidth (MB/sec): 0
Average Latency:        1.15922
Stddev Latency:         0.671348
Max latency:            3.22998
Min latency:            0.099894
