 Maintaining 16 concurrent writes of 4194304 bytes for up to 60 seconds or 0 objects
 Object prefix: benchmark_data_ceph-radosbench-1_1
   sec Cur ops   started  finished  avg MB/s  cur MB/s  last lat   avg lat
     0       0         0         0         0         0         -         0
     1      16        40        24   95.9714        96   0.36477  0.416811
     2      16        65        49   97.9782       100  0.434536  0.513945
     3      16        87        71   94.6482        88  0.627324   0.59951
     4      16       101        85   84.9848        56  0.498612  0.630653
     5      16       124       108   86.3856        92  0.630102  0.704559
     6      16       147       131   87.3184        92  0.414628  0.672327
     7      16       170       154   87.9851        92  0.421185  0.701135
     8      16       195       179    89.485       100  0.371482  0.675156
     9      16       222       206   91.5402       108  0.913764  0.674108
    10      16       238       222   88.7854        64  0.898154  0.675459
    11      16       255       239    86.895        68  0.835414  0.701462
    12      16       258       242   80.6537        12  0.339268  0.698785
    13      16       282       266   81.8331        96  0.321564   0.75135
    14      16       299       283   80.8444        68  0.651206  0.748249
    15      16       329       313   83.4537       120    0.3956  0.750962
    16      16       357       341   85.2369       112  0.225245  0.734225
    17      16       381       365   85.8692        96  0.954219   0.72691
    18      16       397       381   84.6537        64  0.421113    0.7241
    19      16       404       388   81.6718        28  0.152747  0.717774
2014-12-10 23:51:02.527057min lat: 0.094291 max lat: 3.4333 avg lat: 0.751524
   sec Cur ops   started  finished  avg MB/s  cur MB/s  last lat   avg lat
    20      16       414       398   79.5879        40   3.26082  0.751524
    21      16       434       418   79.6068        80  0.215055  0.778026
    22      16       463       447   81.2603       116  0.392907  0.777301
    23      16       490       474   82.4223       108   0.83007  0.767399
    24      16       512       496   82.6542        88  0.462971  0.757481
    25      16       539       523   83.6674       108  0.265289  0.752292
    26      16       540       524   80.6033         4  0.261703  0.751355
    27      16       543       527   78.0625        12   2.41634  0.760273
    28      16       564       548   78.2742        84  0.246416  0.789114
    29      16       588       572   78.8852        96  0.121171  0.798392
    30      16       617       601   80.1219       116  0.829873  0.792204
    31      16       641       625   80.6337        96  0.327907   0.78364
    32      16       668       652   81.4884       108  0.913457  0.776557
    33      16       676       660   79.9887        32  0.532409  0.775593
    34      16       684       668   78.5772        32  0.159718  0.781043
    35      16       699       683   78.0463        60  0.100037  0.799758
    36      16       709       693   76.9894        40  0.239504  0.798397
    37      16       734       718   77.6111       100  0.465025  0.817959
    38      16       759       743   78.1999       100  0.451494  0.810181
    39      16       782       766   78.5535        92  0.422702  0.803559
2014-12-10 23:51:22.529398min lat: 0.094042 max lat: 3.66895 avg lat: 0.804554
   sec Cur ops   started  finished  avg MB/s  cur MB/s  last lat   avg lat
    40      16       795       779   77.8895        52  0.788971  0.804554
    41      16       810       794    77.453        60  0.353057  0.805642
    42      16       821       805   76.6564        44  0.113438  0.813286
    43      16       839       823    76.548        72   1.05817  0.823509
    44      16       867       851   77.3534       112  0.319879  0.821976
    45      16       893       877   77.9453       104   0.25111   0.81485
    46      16       912       896   77.9027        76  0.656175  0.813434
    47      16       933       917   78.0322        84   1.12511   0.81205
    48      16       951       935   77.9063        72  0.393721  0.807697
    49      16       959       943   76.9693        32  0.158677  0.804614
    50      16       963       947   75.7499        16    3.3144  0.813244
    51      16       989       973   76.3036       104  0.353928  0.834619
    52      16      1009       993   76.3744        80  0.659672  0.829325
    53      16      1032      1016    76.669        92   0.22602  0.828131
    54      16      1063      1047   77.5451       124  0.360266  0.820695
    55      16      1086      1070   77.8077        92  0.835063  0.816901
    56      16      1099      1083   77.3467        52  0.310979  0.812518
    57      16      1099      1083   75.9897         0         -  0.812518
    58      16      1113      1097   75.6449        28   2.48862  0.835045
    59      16      1144      1128   76.4642       124  0.243779  0.833744
2014-12-10 23:51:42.532166min lat: 0.094042 max lat: 4.09121 avg lat: 0.830461
   sec Cur ops   started  finished  avg MB/s  cur MB/s  last lat   avg lat
    60      16      1164      1148   76.5229        80  0.847653  0.830461
 Total time run:         60.504928
Total writes made:      1165
Write size:             4194304
Bandwidth (MB/sec):     77.019 

Stddev Bandwidth:       33.9831
Max bandwidth (MB/sec): 124
Min bandwidth (MB/sec): 0
Average Latency:        0.830312
Stddev Latency:         0.677987
Max latency:            4.09121
Min latency:            0.094042
