 Maintaining 16 concurrent writes of 4194304 bytes for up to 60 seconds or 0 objects
 Object prefix: benchmark_data_ceph-radosbench-1_1
   sec Cur ops   started  finished  avg MB/s  cur MB/s  last lat   avg lat
     0       0         0         0         0         0         -         0
     1      16        37        21   83.9712        84  0.456036  0.494542
     2      16        67        51   101.973       120  0.115642  0.483592
     3      16        86        70   93.3128        76  0.406449  0.530303
     4      16       121       105   104.979       140  0.564363  0.566397
     5      16       146       130   103.979       100  0.214657   0.55343
     6      16       177       161   107.313       124   1.09202  0.555895
     7      16       202       186   106.266       100  0.125368  0.562043
     8      16       224       208   103.981        88  0.763524  0.571686
     9      16       245       229   101.759        84  0.130613  0.578541
    10      16       270       254   101.582       100  0.290518  0.592126
    11      16       300       284   103.255       120  0.445163  0.595342
    12      16       330       314   104.648       120  0.559951  0.591051
    13      16       359       343    105.52       116   0.51377  0.591906
    14      16       378       362   103.411        76  0.119164  0.588645
    15      16       392       376    100.25        56   2.13015  0.610336
    16      16       413       397   99.2333        84  0.462189  0.625558
    17      16       448       432    101.63       140   0.66487  0.620641
    18      16       472       456   101.317        96  0.611527  0.617077
    19      16       495       479   100.826        92  0.283638  0.620189
2014-12-10 20:37:09.816726min lat: 0.094743 max lat: 2.52787 avg lat: 0.618843
   sec Cur ops   started  finished  avg MB/s  cur MB/s  last lat   avg lat
    20      16       522       506   101.184       108  0.376303  0.618843
    21      16       548       532   101.317       104   1.07203  0.618471
    22      16       569       553   100.529        84   1.55108  0.622023
    23      16       596       580   100.853       108  0.331777  0.612966
    24      16       622       606   100.984       104  0.478659  0.603019
    25      16       641       625   99.9842        76  0.273122  0.623245
    26      16       667       651   100.138       104  0.998361  0.630491
    27      16       689       673   99.6881        88  0.498331  0.628851
    28      16       718       702    100.27       116   1.23532   0.63161
    29      16       745       729   100.536       108  0.328217  0.624817
    30      16       776       760   101.318       124  0.453236  0.622389
    31      16       796       780    100.63        80  0.237539   0.62093
    32      16       816       800   99.9845        80  0.411594  0.621259
    33      16       841       825   99.9845       100  0.266729  0.627881
    34      16       867       851   100.102       104  0.255832  0.627108
    35      16       894       878   100.327       108   0.33268  0.629892
    36      16       925       909   100.985       124  0.482183    0.6269
    37      16       948       932   100.741        92  0.285408  0.626789
    38      16       978       962   101.248       120  0.504581  0.625428
    39      16       996       980   100.498        72  0.099993  0.626112
2014-12-10 20:37:29.819551min lat: 0.093682 max lat: 3.84292 avg lat: 0.624348
   sec Cur ops   started  finished  avg MB/s  cur MB/s  last lat   avg lat
    40      16      1023      1007   100.685       108  0.274541  0.624348
    41      16      1049      1033   100.765       104  0.172225  0.626666
    42      16      1080      1064   101.318       124   0.37163  0.625391
    43      16      1107      1091   101.473       108  0.556138  0.625036
    44      16      1132      1116   101.439       100    1.0519  0.625125
    45      16      1159      1143   101.585       108  0.415683  0.624418
    46      16      1187      1171   101.811       112  0.457773  0.623023
    47      16      1211      1195   101.687        96  0.144601  0.617919
    48      16      1239      1223   101.901       112  0.324231  0.621401
    49      16      1261      1245   101.617        88  0.458499  0.621769
    50      16      1284      1268   101.425        92  0.738073  0.622659
    51      16      1317      1301   102.024       132   1.65534  0.625378
    52      16      1340      1324   101.831        92  0.403234  0.622577
    53      16      1367      1351   101.947       108  0.474485  0.623034
    54      16      1383      1367   101.244        64  0.816068  0.621199
    55      16      1393      1377   100.131        40  0.918994  0.621517
    56      16      1409      1393   99.4853        64  0.173795  0.628884
    57      16      1435      1419   99.5644       104   1.52589  0.638531
    58      16      1467      1451   100.054       128  0.344367  0.636501
    59      16      1492      1476   100.053       100  0.817216  0.636122
2014-12-10 20:37:49.822201min lat: 0.093409 max lat: 3.8604 avg lat: 0.634647
   sec Cur ops   started  finished  avg MB/s  cur MB/s  last lat   avg lat
    60      16      1521      1505   100.319       116  0.520037  0.634647
 Total time run:         60.810450
Total writes made:      1522
Write size:             4194304
Bandwidth (MB/sec):     100.114 

Stddev Bandwidth:       23.6837
Max bandwidth (MB/sec): 140
Min bandwidth (MB/sec): 0
Average Latency:        0.638783
Stddev Latency:         0.527176
Max latency:            3.8604
Min latency:            0.093409
