 Maintaining 16 concurrent writes of 4194304 bytes for up to 60 seconds or 0 objects
 Object prefix: benchmark_data_ceph-radosbench-2_1
   sec Cur ops   started  finished  avg MB/s  cur MB/s  last lat   avg lat
     0       0         0         0         0         0         -         0
     1      16        29        13     51.98        52  0.936932  0.617668
     2      16        42        26   51.9839        52   1.13229  0.772487
     3      16        53        37     49.32        44   1.75269  0.957383
     4      16        68        52    51.987        60    0.8407   1.05263
     5      16        78        62   49.5881        40   1.18858   1.08343
     6      16        88        72   47.9888        40   1.48427   1.07518
     7      16        96        80   45.7037        32   0.47461   1.13276
     8      16       112        96    47.989        64   1.17563    1.2029
     9      16       118       102   45.3231        24   1.65385     1.215
    10      16       130       114   45.5898        48   2.50277   1.26435
    11      16       140       124   45.0808        40  0.501462   1.29383
    12      16       152       136   45.3233        48  0.210023   1.27305
    13      16       156       140   43.0674        16  0.225518   1.28499
    14      16       169       153   43.7047        52   1.23662    1.3668
    15      16       183       167   44.5238        56  0.544341   1.34804
    16      16       194       178   44.4904        44  0.360772   1.32926
    17      16       207       191   44.9315        52  0.728239   1.35578
    18      16       219       203   45.1015        48   2.50287   1.33949
    19      16       225       209   43.9906        24   2.81259   1.34865
2015-02-01 05:37:00.103448min lat: 0.138154 max lat: 4.17434 avg lat: 1.35603
   sec Cur ops   started  finished  avg MB/s  cur MB/s  last lat   avg lat
    20      16       230       214   42.7906        20   2.81061   1.35603
    21      16       246       230   43.7998        64  0.804074   1.40152
    22      16       255       239    43.445        36  0.805676   1.39728
    23      16       268       252   43.8164        52   1.76164   1.38254
    24      16       280       264   43.9902        48   3.42496   1.39075
    25      16       287       271   43.3504        28   3.74713   1.39836
    26      16       294       278   42.7596        28   1.51576   1.41647
    27      16       305       289   42.8052        44  0.233135   1.41721
    28      16       314       298   42.5618        36  0.244204    1.4329
    29      16       327       311    42.887        52    0.4193   1.42442
    30      16       340       324   43.1904        52   1.00754   1.43447
    31      16       354       338   43.6032        56   3.35785   1.43046
    32      16       362       346   43.2404        32  0.938078   1.43033
    33      16       377       361   43.7479        60   2.21509   1.43667
    34      16       387       371   43.6374        40   1.41543   1.43347
    35      16       393       377   43.0762        24   1.60434   1.43677
    36      16       398       382   42.4351        20   1.85122   1.43344
    37      16       408       392    42.369        40   1.43889   1.45836
    38      16       419       403   42.4117        44  0.788025   1.46491
    39      16       433       417   42.7598        56  0.516342   1.46371
2015-02-01 05:37:20.107803min lat: 0.138154 max lat: 4.53522 avg lat: 1.46609
   sec Cur ops   started  finished  avg MB/s  cur MB/s  last lat   avg lat
    40      16       443       427   42.6907        40   2.47487   1.46609
    41      16       448       432   42.1371        20    1.9514   1.46861
    42      16       463       447   42.5621        60  0.545579   1.46739
    43      16       473       457   42.5024        40  0.482752   1.45478
    44      15       482       467   42.4453        40   1.31275   1.46816
    45      16       499       483    42.924        64   1.09928   1.46292
    46      16       507       491   42.6864        32   1.44579   1.46437
    47      16       514       498   42.3738        28  0.200492   1.45499
    48      16       524       508   42.3242        40   1.60122   1.47561
    49      16       535       519   42.3582        44  0.375337   1.47071
    50      16       542       526   42.0709        28  0.507837   1.47861
    51      16       555       539   42.2653        52  0.794473   1.48203
    52      16       567       551   42.3754        48   2.13241   1.48722
    53      16       576       560    42.255        36  0.605581    1.4817
    54      16       586       570   42.2131        40  0.599167   1.47841
    55      16       599       583   42.3908        52  0.739411   1.48051
    56      16       606       590   42.1337        28   2.11115   1.48546
    57      16       615       599    42.026        36  0.914057   1.48376
    58      16       630       614   42.3356        60   2.95858    1.4886
    59      16       639       623   42.2282        36   1.17606   1.48901
2015-02-01 05:37:40.111996min lat: 0.102995 max lat: 4.60168 avg lat: 1.48312
   sec Cur ops   started  finished  avg MB/s  cur MB/s  last lat   avg lat
    60      16       647       631   42.0576        32  0.488919   1.48312
    61      16       647       631   41.3681         0         -   1.48312
    62      16       647       631    40.701         0         -   1.48312
    63      16       647       631   40.0549         0         -   1.48312
 Total time run:         63.836074
Total writes made:      647
Write size:             4194304
Bandwidth (MB/sec):     40.541 

Stddev Bandwidth:       15.8223
Max bandwidth (MB/sec): 64
Min bandwidth (MB/sec): 0
Average Latency:        1.57851
Stddev Latency:         1.17676
Max latency:            7.11658
Min latency:            0.102995
