 Maintaining 16 concurrent writes of 4194304 bytes for up to 60 seconds or 0 objects
 Object prefix: benchmark_data_ceph-radosbench-1_1
   sec Cur ops   started  finished  avg MB/s  cur MB/s  last lat   avg lat
     0       0         0         0         0         0         -         0
     1      16        29        13   51.9807        52  0.442089  0.497335
     2      16        40        24   47.9856        44   1.20382  0.754762
     3      16        50        34   45.3215        40   1.97424   1.00082
     4      16        65        49   48.9879        60   1.12294   1.08759
     5      16        74        58   46.3888        36    1.6032    1.1394
     6      16        80        64   42.6565        24  0.201257   1.13041
     7      16        91        75   42.8472        44   2.43847   1.28577
     8      16       104        88     43.99        52   1.47257   1.32875
     9      16       110        94   41.7683        24   1.61267   1.33771
    10      16       124       108   43.1903        56  0.624277   1.36506
    11      16       138       122   44.3538        56  0.891276   1.34924
    12      16       150       134   44.6568        48   1.00093   1.34581
    13      16       155       139   42.7598        20  0.387791   1.32752
    14      16       165       149   42.5621        40   1.98681   1.38055
    15      16       177       161   42.9241        48  0.875436   1.38481
    16      16       185       169   42.2409        32   3.99582   1.38706
    17      16       195       179   42.1086        40    1.7949   1.42277
    18      16       204       188   41.7687        36  0.479964   1.41931
    19      16       214       198   41.6752        40  0.215094   1.42252
2015-02-01 05:33:27.315281min lat: 0.110197 max lat: 4.31989 avg lat: 1.46449
   sec Cur ops   started  finished  avg MB/s  cur MB/s  last lat   avg lat
    20      16       221       205   40.9912        28  0.206689   1.46449
    21      16       232       216    41.134        44   1.02062   1.47899
    22      16       240       224   40.7185        32  0.402008   1.46863
    23      16       249       233   40.5128        36  0.215419   1.44794
    24      16       262       246    40.991        52  0.256368   1.48575
    25      16       273       257   41.1111        44   3.31616   1.50181
    26      16       280       264   40.6066        28   3.27318   1.49286
    27      16       291       275    40.732        44   2.91347   1.49898
    28      16       302       286   40.8484        44  0.199311   1.49867
    29      16       312       296   40.8189        40  0.403367   1.50615
    30      16       320       304   40.5247        32  0.979238   1.49116
    31      16       333       317   40.8944        52   3.42595   1.52406
    32      16       339       323   40.3663        24  0.932371   1.53111
    33      16       352       336   40.7186        52  0.704053   1.53586
    34      16       361       345   40.5796        36  0.416423   1.52742
    35      16       374       358   40.9056        52  0.583262   1.51721
    36      16       390       374   41.5467        64   1.84952   1.50629
    37      16       402       386   41.7209        48  0.224846   1.49518
    38      16       408       392   41.2544        24  0.785389   1.49989
    39      16       424       408   41.8374        64  0.548577   1.50395
2015-02-01 05:33:47.319271min lat: 0.102577 max lat: 4.35858 avg lat: 1.49342
   sec Cur ops   started  finished  avg MB/s  cur MB/s  last lat   avg lat
    40      16       436       420   41.9913        48   2.51874   1.49342
    41      16       439       423   41.2597        12   1.95573     1.495
    42      16       451       435     41.42        48   1.20758   1.50307
    43      16       459       443   41.2008        32   3.68085   1.50877
    44      16       467       451   40.9916        32  0.915774   1.51523
    45      16       477       461   40.9693        40   1.13906   1.52351
    46      16       489       473    41.122        48   1.43091   1.52123
    47      16       493       477   40.5874        16   1.82173   1.52726
    48      16       500       484    40.325        28   2.27755   1.53799
    49      16       510       494   40.3182        40   2.40433   1.53594
    50      16       517       501   40.0717        28   4.02495   1.55624
    51      16       537       521   40.8542        80  0.249186   1.54244
    52      16       548       532   40.9146        44   2.87176   1.53743
    53      16       557       541   40.8212        36   1.20682   1.53707
    54      16       564       548   40.5837        28   1.19965   1.53547
    55      16       570       554   40.2821        24   4.18898   1.53401
    56      16       577       561   40.0626        28   2.36146   1.55004
    57      16       598       582   40.8332        84  0.188591   1.54571
    58      16       608       592   40.8187        40  0.144615   1.53705
    59      16       615       599   40.6013        28   1.17536   1.53627
2015-02-01 05:34:07.323994min lat: 0.102577 max lat: 4.69296 avg lat: 1.54297
   sec Cur ops   started  finished  avg MB/s  cur MB/s  last lat   avg lat
    60      16       627       611   40.7245        48  0.373873   1.54297
    61      14       628       614   40.2535        12  0.872685   1.53982
    62      14       628       614   39.6043         0         -   1.53982
    63       3       628       625   39.6739        22   3.44219   1.57734
 Total time run:         63.368096
Total writes made:      628
Write size:             4194304
Bandwidth (MB/sec):     39.641 

Stddev Bandwidth:       15.7737
Max bandwidth (MB/sec): 84
Min bandwidth (MB/sec): 0
Average Latency:        1.59081
Stddev Latency:         1.1077
Max latency:            5.62546
Min latency:            0.102577
