 Maintaining 16 concurrent writes of 4194304 bytes for up to 60 seconds or 0 objects
 Object prefix: benchmark_data_ceph-radosbench-1_1
   sec Cur ops   started  finished  avg MB/s  cur MB/s  last lat   avg lat
     0       0         0         0         0         0         -         0
     1      16        33        17   67.9786        68  0.611772   0.34045
     2      16        33        17    33.992         0         -   0.34045
     3      16        33        17   22.6622         0         -   0.34045
     4      16        40        24   23.9957   9.33333   3.13326   1.06577
     5      16        49        33   26.3955        36   0.09463  0.812451
     6      16        49        33   21.9964         0         -  0.812451
     7      16        49        33   18.8542         0         -  0.812451
     8      16        68        52    25.996   25.3333  0.213494   2.03777
     9      16        96        80   35.5502       112  0.081926   1.64907
    10      16       127       111   44.3934       124  0.074417   1.39349
    11      16       157       141   51.2649       120   0.25712   1.19751
    12      16       189       173   57.6579       128  0.070056   1.07107
    13      16       215       199   61.2215       104  0.222191   1.00035
    14      16       236       220   62.8476        84  0.094027  0.950627
    15      16       255       239   63.7238        76   2.09303  0.954557
    16      16       279       263   65.7402        96  0.195501   0.92641
    17      16       305       289   67.9898       104    1.1154  0.904449
    18      16       336       320   71.1006       124  0.269035  0.876463
    19      16       362       346   72.8313       104  0.067309  0.850844
2014-12-10 01:56:34.057740min lat: 0.064683 max lat: 7.67577 avg lat: 0.818864
   sec Cur ops   started  finished  avg MB/s  cur MB/s  last lat   avg lat
    20      16       392       376   75.1889       120  0.112631  0.818864
    21      16       412       396   75.4174        80  0.104204  0.822013
    22      16       424       408   74.1709        48  0.076332  0.818007
    23      16       448       432   75.1194        96  0.112334  0.814941
    24      16       478       462   76.9887       120  0.380908  0.814143
    25      16       509       493   78.8684       124  0.252534  0.798837
    26      16       536       520   79.9882       108   1.22276  0.789748
    27      16       557       541   80.1363        84  0.124718  0.783183
    28      16       580       564   80.5595        92  0.602924  0.775558
    29      16       592       576   79.4366        48   1.81463  0.775199
    30      16       615       599   79.8549        92  0.112876  0.765083
    31      16       642       626   80.7623       108  0.252499  0.775117
    32      16       676       660   82.4879       136   0.54327  0.766354
    33      16       708       692   83.8665       128  0.070448  0.756442
    34      16       741       725   85.2816       132  0.070138  0.739001
    35      16       767       751    85.816       104  0.312319   0.73792
    36      16       786       770   85.5431        76  0.833883  0.730282
    37      16       813       797   86.1495       108  0.352844  0.731428
    38      16       826       810   85.2507        52  0.751311   0.72899
    39      16       856       840   86.1412       120  0.067177  0.731024
2014-12-10 01:56:54.060627min lat: 0.064683 max lat: 7.67577 avg lat: 0.726553
   sec Cur ops   started  finished  avg MB/s  cur MB/s  last lat   avg lat
    40      16       889       873   87.2872       132  0.314979  0.726553
    41      16       916       900    87.792       108  0.070822  0.719671
    42      16       948       932   88.7489       128  0.068419  0.710526
    43      16       984       968   90.0333       144  0.646949  0.705875
    44      16      1010       994   90.3504       104  0.248339  0.700551
    45      16      1033      1017   90.3868        92  0.260018  0.695763
    46      16      1049      1033    89.813        64   2.00996  0.700582
    47      16      1076      1060   90.1996       108  0.096525  0.694668
    48      16      1102      1086   90.4868       104  0.101315  0.689622
    49      16      1124      1108   90.4358        88   0.10473  0.698482
    50      16      1142      1126   90.0669        72  0.453397  0.701549
    51      16      1179      1163   91.2025       148  0.566004  0.697498
    52      16      1201      1185   91.1407        88  0.311469  0.692794
    53      16      1231      1215   91.6849       120  0.096126  0.691227
    54      16      1243      1227   90.8758        48  0.258942  0.686617
    55      16      1260      1244   90.4597        68  0.126234  0.693658
    56      16      1285      1269   90.6298       100   0.20419  0.698487
    57      16      1318      1302   91.3553       132  0.483879  0.696026
    58      16      1333      1317   90.8145        60  0.259627  0.696505
    59      16      1354      1338   90.6988        84  0.094857   0.69518
2014-12-10 01:57:14.063417min lat: 0.064683 max lat: 7.67577 avg lat: 0.697362
   sec Cur ops   started  finished  avg MB/s  cur MB/s  last lat   avg lat
    60      16      1382      1366   91.0536       112   0.19724  0.697362
    61      16      1382      1366   89.5609         0         -  0.697362
    62      16      1382      1366   88.1165         0         -  0.697362
 Total time run:         62.081536
Total writes made:      1382
Write size:             4194304
Bandwidth (MB/sec):     89.044 

Stddev Bandwidth:       41.9773
Max bandwidth (MB/sec): 148
Min bandwidth (MB/sec): 0
Average Latency:        0.718659
Stddev Latency:         0.921367
Max latency:            7.67577
Min latency:            0.064683
