 Maintaining 16 concurrent writes of 4194304 bytes for up to 60 seconds or 0 objects
 Object prefix: benchmark_data_ceph-radosbench-1_1
   sec Cur ops   started  finished  avg MB/s  cur MB/s  last lat   avg lat
     0       0         0         0         0         0         -         0
     1      16        22         6    23.991        24  0.913332  0.645175
     2      16        28        12   23.9943        24   1.83338   1.10826
     3      16        31        15   19.9961        12   2.55918   1.39667
     4      16        34        18   17.9969        12    2.8969   1.68765
     5      16        40        24    19.197        24   3.56155   2.13314
     6      16        40        24   15.9977         0         -   2.13314
     7      16        40        24   13.7124         0         -   2.13314
     8      16        43        27   13.4982         4   6.12197   2.59454
     9      16        49        33   14.6648        24   5.53788   3.20447
    10      16        55        39    15.598        24   5.11103   3.55375
    11      16        58        42   15.2709        12   2.80106   3.57258
    12      16        61        45   14.9982        12   2.98613   3.54321
    13      16        67        51   15.6905        24   3.52453    3.5437
    14      16        67        51   14.5697         0         -    3.5437
    15      16        67        51   13.5984         0         -    3.5437
    16      16        67        51   12.7486         0         -    3.5437
    17      16        73        57   13.4103         6   6.18974   3.85839
    18      16        79        63   13.9985        24   5.64311   4.06591
    19      16        85        69   14.5247        24     2.495   4.11505
2015-01-13 17:47:47.513821min lat: 0.189539 max lat: 7.02725 avg lat: 4.11505
   sec Cur ops   started  finished  avg MB/s  cur MB/s  last lat   avg lat
    20      16        85        69   13.7985         0         -   4.11505
    21      16        89        73   13.9033         8   4.07494   4.07962
    22      16        94        78   14.1803        20   4.05027   4.07322
    23      16        94        78   13.5638         0         -   4.07322
    24      16        94        78   12.9986         0         -   4.07322
    25      16        94        78   12.4787         0         -   4.07322
    26      16       100        84   12.9217         6    6.9792   4.29819
    27      16       106        90   13.3319        24   5.74641   4.43618
    28      16       112        96   13.7129        24    2.6279   4.45598
    29      16       115        99   13.6538        12    2.9064   4.41408
    30      16       118       102   13.5986        12   3.30869   4.38571
    31      16       121       105    13.547        12    3.6522   4.36881
    32      16       121       105   13.1237         0         -   4.36881
    33      16       121       105    12.726         0         -   4.36881
    34      16       127       111   13.0575         8   5.97991   4.47085
    35      16       133       117     13.37        24   5.23892   4.53436
    36      16       136       120   13.3319        12    5.0522   4.55353
    37      16       142       126   13.6202        24   2.93925   4.50365
    38      16       145       129   13.5775        12   3.32433   4.47966
    39      16       145       129   13.2293         0         -   4.47966
2015-01-13 17:48:07.515998min lat: 0.189539 max lat: 7.61435 avg lat: 4.47966
   sec Cur ops   started  finished  avg MB/s  cur MB/s  last lat   avg lat
    40      16       145       129   12.8986         0         -   4.47966
    41      16       148       132   12.8766         4    5.7281   4.51106
    42      16       151       135   12.8557        12   6.36382   4.55641
    43      16       157       141   13.1148        24   5.88297   4.62451
    44      16       163       147   13.3622        24   3.26906   4.63929
    45      16       166       150   13.3319        12   2.66702   4.60795
    46      16       172       156   13.5637        24   3.15063   4.55424
    47      16       175       159   13.5304        12   3.56834   4.53838
    48      16       175       159   13.2485         0         -   4.53838
    49      16       175       159   12.9781         0         -   4.53838
    50      16       175       159   12.7185         0         -   4.53838
    51      16       178       162   12.7044         3   7.03281   4.58827
    52      16       184       168   12.9216        24   6.66673   4.67524
    53      16       190       174   13.1306        24   6.15305   4.74048
    54      16       190       174   12.8874         0         -   4.74048
    55      16       196       180   13.0894        12   3.44241   4.72105
    56      16       199       183   13.0699        12   3.74644   4.70787
    57      16       202       186   13.0511        12   3.84626   4.69643
    58      16       202       186   12.8261         0         -   4.69643
    59      16       202       186   12.6087         0         -   4.69643
2015-01-13 17:48:27.518593min lat: 0.189539 max lat: 7.63306 avg lat: 4.73541
   sec Cur ops   started  finished  avg MB/s  cur MB/s  last lat   avg lat
    60      16       205       189   12.5985         4   6.98068   4.73541
    61      11       206       195   12.7854        24   5.99689   4.78626
    62       5       206       201   12.9662        24   5.55711   4.81692
    63       2       206       204   12.9509        12   2.51536   4.80105
 Total time run:         63.049558
Total writes made:      206
Write size:             4194304
Bandwidth (MB/sec):     13.069 

Stddev Bandwidth:       9.76407
Max bandwidth (MB/sec): 24
Min bandwidth (MB/sec): 0
Average Latency:        4.78298
Stddev Latency:         1.76785
Max latency:            7.63306
Min latency:            0.189539
