 Maintaining 16 concurrent writes of 4194304 bytes for up to 60 seconds or 0 objects
 Object prefix: benchmark_data_ceph-radosbench-1_1
   sec Cur ops   started  finished  avg MB/s  cur MB/s  last lat   avg lat
     0       0         0         0         0         0         -         0
     1      16        37        21   83.9756        84  0.284426  0.370405
     2      16        61        45   89.9802        96  0.505161  0.597642
     3      16        73        57   75.9855        48  0.614494   0.56766
     4      16        80        64   63.9888        28  0.150656  0.567985
     5      16        97        81   64.7897        68  0.100728  0.685787
     6      16       113        97   64.6566        64  0.192715   0.79395
     7      16       134       118   67.4182        84  0.294538  0.757042
     8      16       153       137   68.4892        76  0.138113  0.742738
     9      16       166       150   66.6562        52  0.397529  0.761627
    10      16       169       153   61.1908        12  0.218707  0.752959
    11      16       172       156    56.719        12   5.31414  0.839337
    12      16       179       163   54.3257        28   0.11242  0.815942
    13      16       198       182   55.9923        76  0.104518  0.938819
    14      16       215       199   56.8494        68   5.25753   0.98255
    15      16       228       212   56.5255        52  0.897157   1.04795
    16      16       253       237   59.2418       100   0.32271   1.00575
    17      16       275       259   60.9327        88   0.20256  0.977278
    18      16       286       270   59.9916        44  0.108015  0.979443
    19      16       302       286   60.2022        64  0.126749  0.948713
2014-12-11 00:00:26.398705min lat: 0.093819 max lat: 6.44238 avg lat: 0.948713
   sec Cur ops   started  finished  avg MB/s  cur MB/s  last lat   avg lat
    20      16       302       286   57.1922         0         -  0.948713
    21      16       308       292   55.6115        12  0.094465  0.983027
    22      16       330       314   57.0833        88   0.16381   1.02446
    23      16       352       336   58.4271        88  0.159437    1.0445
    24      16       360       344   57.3257        32  0.094171   1.05172
    25      16       380       364   58.2323        80  0.292136   1.02976
    26      16       391       375   57.6847        44  0.159067    1.0302
    27      16       393       377   55.8445         8  0.094337   1.02676
    28      16       394       378    53.993         4   0.78584   1.02612
    29      16       409       393   54.1999        60   5.90802   1.07556
    30      16       427       411    54.793        72   0.22866   1.07325
    31      16       454       438    56.509       108  0.161073   1.08602
    32      16       464       448   55.9929        40  0.621613   1.08941
    33      16       477       461   55.8717        52   2.90868   1.09156
    34      16       484       468   55.0519        28   3.35544   1.10958
    35      16       493       477   54.5075        36  0.093673   1.09056
    36      16       493       477   52.9934         0         -   1.09056
    37      16       493       477   51.5612         0         -   1.09056
    38      16       498       482   50.7306   6.66667  0.096869   1.11918
    39      16       518       502   51.4809        80  0.133593   1.15455
2014-12-11 00:00:46.400835min lat: 0.093362 max lat: 6.83953 avg lat: 1.18319
   sec Cur ops   started  finished  avg MB/s  cur MB/s  last lat   avg lat
    40      16       538       522   52.1936        80  0.114494   1.18319
    41      16       556       540   52.6764        72  0.242031   1.17067
    42      15       571       556   52.9459        64   3.82132   1.15717
    43      16       587       571   53.1098        60  0.114259   1.15565
    44      16       594       578   52.5391        28  0.142868    1.1454
    45      16       598       582   51.7271        16  0.093589   1.13849
    46      16       603       587   51.0373        20  0.164482   1.16287
    47      16       615       599   50.9726        48  0.646292   1.17509
    48      16       640       624   51.9938       100  0.182953   1.18966
    49      16       659       643   52.4836        76   2.38583    1.1982
    50      16       672       656   52.4738        52  0.132678   1.19195
    51      16       697       681   53.4054       100   0.10892   1.16636
    52      16       718       702   53.9935        84  0.239588   1.15235
    53      16       728       712   53.7294        40  0.094868   1.14003
    54      16       734       718   53.1788        24  0.176894   1.13379
    55      16       742       726   52.7936        32  0.094371   1.14487
    56      16       758       742   52.9936        64  0.201065   1.16915
    57      16       784       768   53.8882       104  0.131921   1.16961
    58      16       802       786   54.2004        72  0.332372   1.15881
    59      16       813       797   54.0274        44  0.171288   1.15408
2014-12-11 00:01:06.403184min lat: 0.093268 max lat: 6.93447 avg lat: 1.15094
   sec Cur ops   started  finished  avg MB/s  cur MB/s  last lat   avg lat
    60      16       824       808   53.8602        44  0.094099   1.15094
    61      16       825       809   53.0428         4   0.09352   1.14963
    62      16       825       809   52.1872         0         -   1.14963
    63      16       825       809   51.3589         0         -   1.14963
    64      16       825       809   50.5564         0         -   1.14963
    65       7       825       818   50.3324         9   6.66242   1.21184
 Total time run:         65.209730
Total writes made:      825
Write size:             4194304
Bandwidth (MB/sec):     50.606 

Stddev Bandwidth:       32.5049
Max bandwidth (MB/sec): 108
Min bandwidth (MB/sec): 0
Average Latency:        1.25707
Stddev Latency:         1.97998
Max latency:            8.44494
Min latency:            0.093268
