 Maintaining 16 concurrent writes of 4194304 bytes for up to 60 seconds or 0 objects
 Object prefix: benchmark_data_ceph-radosbench-1_1
   sec Cur ops   started  finished  avg MB/s  cur MB/s  last lat   avg lat
     0       0         0         0         0         0         -         0
     1      16        20         4    15.995        16  0.879628   0.72379
     2      16        23         7   13.9969        12   1.61193   1.10013
     3      16        29        13   17.3302        24   2.77938   1.73366
     4      16        32        16   15.9975        12   3.38224   2.04124
     5      16        35        19   15.1978        12   3.51546   2.30383
     6      16        38        22   14.6646        12   3.78381   2.53775
     7      16        41        25   14.2837        12    4.2158   2.76083
     8      16        44        28    13.998        12   5.02706   3.02435
     9      16        50        34   15.1091        24   4.58636   3.38132
    10      16        53        37   14.7981        12   4.18422   3.47283
    11      16        56        40   14.5436        12   3.97638   3.53506
    12      16        59        43   14.3316        12   3.56433   3.56946
    13      16        62        46   14.1521        12   4.00652   3.60967
    14      16        62        46   13.1413         0         -   3.60967
    15      16        68        52    13.865        12   5.38428    3.8364
    16      16        71        55   13.7484        12   5.19398   3.92445
    17      16        74        58   13.6455        12   4.78914   3.98609
    18      16        77        61    13.554        12   4.78793   4.04144
    19      16        80        64   13.4722        12    3.8085   4.06102
2014-12-09 22:46:16.510091min lat: 0.275752 max lat: 5.96688 avg lat: 4.07651
   sec Cur ops   started  finished  avg MB/s  cur MB/s  last lat   avg lat
    20      16        83        67   13.3985        12   4.21282   4.07651
    21      16        86        70   13.3318        12   4.98313   4.12369
    22      16        92        76   13.8167        24   4.59157    4.1967
    23      16        95        79   13.7376        12   4.19389   4.20887
    24      16        98        82   13.6652        12   4.18235   4.21985
    25      16       101        85   13.5985        12   3.80469    4.2211
    26      16       104        88    13.537        12   4.21256   4.22737
    27      16       107        91     13.48        12    5.0493   4.26076
    28      16       113        97   13.8557        24   4.60757   4.31047
    29      16       116       100   13.7916        12   4.20938   4.31716
    30      16       119       103   13.7319        12   4.19856    4.3233
    31      16       122       106    13.676        12   3.76727   4.32084
    32      16       125       109   13.6235        12   4.21238   4.32276
    33      15       126       111   13.4531         8   5.09996   4.34197
    34      16       131       115    13.528        16   5.10667   4.37356
    35      16       137       121   13.8271        24   4.30757   4.39639
    36      16       140       124   13.7763        12   4.10107   4.39715
    37      16       143       127   13.7283        12   3.62227   4.39031
    38      16       146       130   13.6828        12   4.01222    4.3861
    39      16       146       130   13.3319         0         -    4.3861
2014-12-09 22:46:36.512052min lat: 0.275752 max lat: 5.96688 avg lat: 4.42154
   sec Cur ops   started  finished  avg MB/s  cur MB/s  last lat   avg lat
    40      16       152       136   13.5986        12   5.00609   4.42154
    41      16       156       140   13.6571        16    5.3853   4.44228
    42      16       161       145   13.8081        20   4.00009   4.43933
    43      16       164       148    13.766        12   3.42665   4.42926
    44      16       167       151   13.7258        12    3.6166   4.41704
    45      16       170       154   13.6875        12   4.00659   4.41278
    46      16       170       154   13.3899         0         -   4.41278
    47      16       176       160   13.6156        12   5.09542   4.44678
    48      16       182       166   13.8319        24   4.49463   4.46276
    49      16       185       169   13.7945        12   4.29162   4.46546
    50      16       188       172   13.7586        12   3.53858   4.45935
    51      16       191       175   13.7241        12   4.00958   4.45454
    52      16       191       175   13.4601         0         -   4.45454
    53      16       197       181    13.659        12   5.08738   4.48166
    54      16       200       184   13.6282        12   4.89614   4.49259
    55      16       206       190   13.8168        24   4.09622   4.49671
    56      16       209       193   13.7843        12   3.41842   4.48846
    57      16       212       196    13.753        12   3.82398   4.48122
    58      16       215       199   13.7227        12   4.20531   4.47997
    59      16       215       199   13.4901         0         -   4.47997
2014-12-09 22:46:56.513975min lat: 0.275752 max lat: 5.96688 avg lat: 4.49465
   sec Cur ops   started  finished  avg MB/s  cur MB/s  last lat   avg lat
    60      16       218       202   13.4653         6   5.27747   4.49465
    61      11       219       208    13.638        24   4.84885   4.51829
    62       8       219       211   13.6115        12   4.44038   4.52195
    63       5       219       214   13.5859        12   4.44523   4.52548
    64       2       219       217   13.5611        12   3.77739   4.52281
 Total time run:         64.024560
Total writes made:      219
Write size:             4194304
Bandwidth (MB/sec):     13.682 

Stddev Bandwidth:       5.81245
Max bandwidth (MB/sec): 24
Min bandwidth (MB/sec): 0
Average Latency:        4.52058
Stddev Latency:         0.978314
Max latency:            5.96688
Min latency:            0.275752
