 Maintaining 16 concurrent writes of 4194304 bytes for up to 60 seconds or 0 objects
 Object prefix: benchmark_data_ceph-radosbench-1_1
   sec Cur ops   started  finished  avg MB/s  cur MB/s  last lat   avg lat
     0       0         0         0         0         0         -         0
     1      16        37        21   83.9746        84  0.355049  0.449589
     2      16        63        47   93.9776       104  0.359495  0.496085
     3      16        94        78   103.978       124  0.890903  0.560788
     4      16       123       107    106.98       116  0.311748  0.549832
     5      16       150       134    107.18       108  0.332174  0.537672
     6      16       176       160   106.647       104   1.69249  0.552137
     7      16       205       189   107.981       116   1.10544  0.545475
     8      16       235       219   109.481       120  0.169124  0.560048
     9      16       257       241   107.093        88   1.00722  0.556099
    10      16       290       274   109.582       132  0.485449  0.565708
    11      16       316       300   109.073       104  0.889752  0.563912
    12      16       345       329   109.649       116  0.584018   0.56634
    13      16       373       357   109.828       112  0.371991  0.563545
    14      16       399       383   109.411       104  0.348635  0.571301
    15      16       430       414   110.382       124  0.690063   0.56853
    16      16       458       442   110.482       112  0.910735   0.56892
    17      16       488       472   111.041       120  0.450529  0.565146
    18      16       512       496   110.204        96  0.392099  0.566503
    19      16       542       526   110.719       120  0.483636  0.567861
2014-12-11 02:03:53.296524min lat: 0.137508 max lat: 1.96993 avg lat: 0.565975
   sec Cur ops   started  finished  avg MB/s  cur MB/s  last lat   avg lat
    20      16       571       555   110.982       116  0.268521  0.565975
    21      16       595       579   110.268        96  0.832084  0.567949
    22      16       627       611   111.073       128  0.408886  0.568606
    23      16       655       639   111.113       112    1.1616   0.56788
    24      16       683       667   111.149       112  0.564534  0.566923
    25      16       709       693   110.863       104   0.27892  0.566952
    26      16       737       721   110.906       112  0.249002   0.56775
    27      16       765       749   110.946       112  0.512315  0.569392
    28      16       793       777   110.983       112   0.73394  0.569012
    29      16       823       807   111.293       120  0.430083  0.569184
    30      16       850       834   111.183       108  0.302854  0.567498
    31      16       875       859   110.821       100  0.377157  0.566272
    32      16       905       889   111.108       120  0.554065  0.568386
    33      16       934       918   111.255       116  0.290509  0.565909
    34      16       957       941   110.689        92  0.234783  0.568281
    35      16       991       975   111.411       136  0.416371  0.568142
    36      16      1019      1003   111.427       112  0.381856  0.566091
    37      16      1047      1031   111.442       112  0.812575   0.56709
    38      16      1076      1060   111.562       116   0.65472  0.569217
    39      16      1101      1085   111.265       100  0.305106  0.568331
2014-12-11 02:04:13.299397min lat: 0.128753 max lat: 2.65436 avg lat: 0.56842
   sec Cur ops   started  finished  avg MB/s  cur MB/s  last lat   avg lat
    40      16      1126      1110   110.983       100  0.287959   0.56842
    41      16      1161      1145    111.69       140  0.703317  0.569491
    42      16      1188      1172   111.602       108  0.690169  0.569657
    43      16      1215      1199   111.518       108  0.732089  0.569486
    44      16      1243      1227   111.529       112  0.824579  0.569271
    45      16      1270      1254    111.45       108  0.336523  0.568434
    46      16      1299      1283   111.548       116    1.1203  0.569175
    47      16      1324      1308   111.302       100  0.277957  0.568589
    48      16      1355      1339   111.566       124  0.563884  0.569754
    49      16      1379      1363   111.248        96  0.403306   0.57147
    50      16      1409      1393   111.423       120  0.343264    0.5696
    51      16      1434      1418   111.199       100  0.162236  0.570508
    52      16      1463      1447   111.291       116  0.581404  0.571452
    53      16      1488      1472   111.078       100  0.897044  0.571077
    54      16      1520      1504   111.391       128  0.236831  0.571003
    55      16      1544      1528   111.111        96  0.828907  0.572956
    56      16      1577      1561   111.483       132  0.356185   0.57167
    57      16      1603      1587   111.352       104  0.176881  0.571771
    58      16      1631      1615   111.363       112  0.377787  0.570811
    59      16      1657      1641   111.238       104  0.496816  0.571337
2014-12-11 02:04:33.302308min lat: 0.096662 max lat: 2.65436 avg lat: 0.571745
   sec Cur ops   started  finished  avg MB/s  cur MB/s  last lat   avg lat
    60      16      1680      1664   110.917        92  0.459145  0.571745
    61      14      1681      1667   109.295        12  0.311809  0.571449
 Total time run:         61.071750
Total writes made:      1681
Write size:             4194304
Bandwidth (MB/sec):     110.100 

Stddev Bandwidth:       21.9938
Max bandwidth (MB/sec): 140
Min bandwidth (MB/sec): 0
Average Latency:        0.580091
Stddev Latency:         0.366395
Max latency:            2.65436
Min latency:            0.096662
