 Maintaining 16 concurrent writes of 4194304 bytes for up to 60 seconds or 0 objects
 Object prefix: benchmark_data_ceph-radosbench-1_1
   sec Cur ops   started  finished  avg MB/s  cur MB/s  last lat   avg lat
     0       0         0         0         0         0         -         0
     1      16        41        25   99.9705       100  0.210481  0.295636
     2      16        67        51   101.977       104  0.382893  0.343926
     3      16        95        79   105.313       112  0.132374  0.338704
     4      16       123       107   106.981       112  0.168985  0.404295
     5      15       152       137    109.58       120  0.175765  0.483264
     6      16       179       163   108.647       104  0.171808  0.482512
     7      16       199       183   104.553        80  0.447027  0.487761
     8      16       232       216   107.981       132  0.393988  0.562974
     9      16       258       242   107.537       104  0.172847   0.56094
    10      16       289       273   109.181       124   1.14688  0.562972
    11      16       314       298   108.345       100  0.377121  0.563743
    12      16       346       330   109.981       128  0.257833  0.569351
    13      16       372       356    109.52       104  0.663004  0.562921
    14      16       398       382   109.125       104  0.527894  0.569454
    15      16       426       410   109.315       112  0.486111   0.56789
    16      16       453       437   109.232       108  0.300803  0.567579
    17      16       485       469   110.335       128  0.204807  0.570186
    18      16       516       500   111.093       124  0.353261   0.56907
    19      16       535       519   109.245        76  0.679594  0.572761
2014-12-11 01:10:59.272321min lat: 0.102005 max lat: 3.77996 avg lat: 0.573707
   sec Cur ops   started  finished  avg MB/s  cur MB/s  last lat   avg lat
    20      16       566       550   109.982       124  0.605375  0.573707
    21      16       588       572   108.935        88   1.52701  0.571489
    22      16       623       607   110.346       140  0.241669  0.573922
    23      16       645       629   109.374        88   0.44445  0.570865
    24      15       671       656   109.316       108  0.307841  0.565481
    25      16       697       681   108.942       100   0.30098  0.572502
    26      16       730       714   109.828       132  0.347197  0.573481
    27      16       762       746   110.501       128  0.701252  0.572127
    28      16       788       772   110.268       104  0.385027  0.572127
    29      16       820       804   110.879       128  0.482341  0.572576
    30      16       845       829   110.516       100  0.132727  0.571297
    31      16       872       856   110.434       108  0.229456  0.569397
    32      16       903       887   110.857       124  0.377063  0.571926
    33      16       928       912   110.528       100   1.14437  0.573907
    34      16       959       943   110.924       124  0.314353  0.570832
    35      16       986       970    110.84       108  0.481751  0.569716
    36      16      1012       996   110.649       104  0.244686  0.569617
    37      16      1042      1026   110.901       120  0.388052  0.571237
    38      16      1069      1053   110.825       108   0.35026  0.569868
    39      16      1100      1084   111.162       124  0.269938  0.571529
2014-12-11 01:11:19.275308min lat: 0.102005 max lat: 3.77996 avg lat: 0.569184
   sec Cur ops   started  finished  avg MB/s  cur MB/s  last lat   avg lat
    40      16      1125      1109   110.883       100  0.465572  0.569184
    41      16      1153      1137   110.909       112   0.29013  0.568709
    42      16      1182      1166    111.03       116  0.172701  0.567446
    43      16      1212      1196   111.238       120  0.325282  0.569665
    44      16      1234      1218    110.71        88  0.907189  0.570873
    45      16      1264      1248   110.916       120  0.576289   0.57136
    46      16      1288      1272   110.592        96  0.712558  0.570344
    47      16      1320      1304   110.962       128  0.356779   0.57188
    48      16      1349      1333   111.066       116  0.659315  0.572172
    49      16      1376      1360   111.003       108  0.239082  0.571137
    50      16      1403      1387   110.943       108  0.233502  0.569823
    51      16      1433      1417    111.12       120   0.59395  0.571753
    52      16      1463      1447   111.291       120  0.639032  0.570761
    53      16      1486      1470   110.926        92  0.162113  0.570477
    54      16      1513      1497   110.872       108   0.65075   0.56916
    55      16      1542      1526   110.965       116  0.123519  0.572116
    56      16      1575      1559    111.34       132  0.421293  0.571905
    57      16      1597      1581    110.93        88  0.647367  0.572981
    58      16      1626      1610   111.018       116  0.798856  0.573417
    59      16      1649      1633   110.695        92  0.470001  0.573396
2014-12-11 01:11:39.278196min lat: 0.102005 max lat: 3.77996 avg lat: 0.573334
   sec Cur ops   started  finished  avg MB/s  cur MB/s  last lat   avg lat
    60      16      1681      1665   110.983       128  0.540383  0.573334
    61       8      1682      1674   109.754        36   1.01824  0.574649
    62       1      1682      1681   108.435        28   1.86977  0.579551
 Total time run:         62.221686
Total writes made:      1682
Write size:             4194304
Bandwidth (MB/sec):     108.130 

Stddev Bandwidth:       23.9551
Max bandwidth (MB/sec): 140
Min bandwidth (MB/sec): 0
Average Latency:        0.580505
Stddev Latency:         0.509741
Max latency:            3.77996
Min latency:            0.102005
