 Maintaining 16 concurrent writes of 4194304 bytes for up to 60 seconds or 0 objects
 Object prefix: benchmark_data_ceph-radosbench-1_1
   sec Cur ops   started  finished  avg MB/s  cur MB/s  last lat   avg lat
     0       0         0         0         0         0         -         0
     1      16        34        18   71.9773        72  0.422354  0.405384
     2      16        57        41   81.9808        92  0.378222  0.370891
     3      16        87        71    94.647       120  0.284227  0.491791
     4      16       116       100   99.9812       116  0.193636  0.549531
     5      16       147       131    104.78       124  0.159481  0.558321
     6      16       173       157   104.648       104  0.200499  0.550698
     7      16       208       192   109.696       140  0.195716  0.560979
     8      16       227       211   105.482        76   1.13358  0.561915
     9      16       251       235   104.427        96   0.12888  0.556632
    10      16       261       245    97.984        40  0.168642  0.577719
    11      16       271       255   92.7123        40  0.095442  0.560775
    12      16       274       258   85.9862        12   4.24714  0.603262
    13      16       297       281   86.4478        92   0.18469  0.652527
    14      15       325       310   88.5575       116  0.277263  0.687052
    15      16       353       337   89.8527       108  0.225202  0.687268
    16      16       385       369    92.236       128   1.64044  0.682161
    17      16       415       399   93.8681       120  0.434782  0.666869
    18      16       438       422   93.7636        92  0.592656  0.662236
    19      16       464       448   94.3016       104  0.434916  0.652728
2014-12-11 00:38:20.362614min lat: 0.095405 max lat: 4.44618 avg lat: 0.640472
   sec Cur ops   started  finished  avg MB/s  cur MB/s  last lat   avg lat
    20      16       478       462   92.3862        56  0.095405  0.640472
    21      16       485       469     89.32        28  0.165802  0.653599
    22      16       493       477   86.7145        32  0.100124  0.665844
    23      16       511       495   86.0745        72  0.145902  0.670969
    24      16       528       512    85.321        68  0.124194  0.681845
    25      16       551       535   85.5877        92  0.099171  0.710218
    26      16       571       555   85.3723        80  0.103039  0.711357
    27      16       589       573   84.8767        72  0.191048  0.721738
    28      16       611       595   84.9877        88    0.1085  0.713654
    29      16       630       614   84.6775        76  0.155444  0.710383
    30      16       635       619   82.5216        20  0.106711  0.708033
    31      16       639       623   80.3758        16  0.573226  0.724981
    32      16       639       623   77.8642         0         -  0.724981
    33      16       644       628   76.1107        10  0.096071  0.747264
    34      16       651       635   74.6957        28  0.102894  0.771206
    35      16       679       663   75.7611       112  0.137843    0.8006
    36      16       708       692   76.8785       116  0.347059  0.816797
    37      16       737       721   77.9354       116  0.285667  0.806936
    38      16       763       747   78.6209       104  0.193943  0.803743
    39      16       795       779   79.8866       128  0.560967   0.79029
2014-12-11 00:38:40.365066min lat: 0.09399 max lat: 6.84126 avg lat: 0.785051
   sec Cur ops   started  finished  avg MB/s  cur MB/s  last lat   avg lat
    40      16       818       802   80.1891        92  0.679727  0.785051
    41      16       848       832   81.1596       120  0.313383  0.770972
    42      16       871       855   81.4174        92  0.148575  0.766044
    43      16       892       876   81.4772        84  0.124696  0.754473
    44      16       907       891   80.9889        60  0.163828  0.760923
    45      16       926       910   80.8778        76  0.098729  0.749347
    46      16       943       927   80.5976        68  0.146795  0.767577
    47      16       970       954   81.1804       108  0.157047  0.772822
    48      16       996       980   81.6555       104  0.264856  0.766193
    49      16      1017      1001   81.7031        84  0.161468  0.767916
    50      16      1039      1023   81.8288        88  0.143668  0.763715
    51      15      1065      1050   82.3417       108  0.207994  0.756036
    52      16      1080      1064   81.8349        56   0.13096  0.749239
    53      16      1099      1083   81.7246        76  0.140875  0.750411
    54      16      1109      1093   80.9518        40  0.095419  0.745038
    55      16      1109      1093     79.48         0         -  0.745038
    56      16      1109      1093   78.0608         0         -  0.745038
    57      16      1109      1093   76.6913         0         -  0.745038
    58      16      1131      1115   76.8862        22  0.173565  0.777327
    59      16      1152      1136   77.0065        84  0.159984  0.803642
2014-12-11 00:39:00.367736min lat: 0.093551 max lat: 8.73018 avg lat: 0.815635
   sec Cur ops   started  finished  avg MB/s  cur MB/s  last lat   avg lat
    60      16      1175      1159   77.2562        92  0.120852  0.815635
    61      16      1176      1160   76.0553         4  0.193044  0.815098
    62      12      1176      1164   75.0866        16   2.66121  0.820222
 Total time run:         62.754108
Total writes made:      1176
Write size:             4194304
Bandwidth (MB/sec):     74.959 

Stddev Bandwidth:       40.3519
Max bandwidth (MB/sec): 140
Min bandwidth (MB/sec): 0
Average Latency:        0.848786
Stddev Latency:         1.44338
Max latency:            8.73018
Min latency:            0.093551
