 Maintaining 16 concurrent writes of 4194304 bytes for up to 60 seconds or 0 objects
 Object prefix: benchmark_data_ceph-radosbench-1_1
   sec Cur ops   started  finished  avg MB/s  cur MB/s  last lat   avg lat
     0       0         0         0         0         0         -         0
     1      16        39        23    91.969        92  0.224084  0.493085
     2      16        65        49   97.9748       104   1.37011  0.526915
     3      16        89        73   97.3117        96  0.429884  0.550279
     4      16       118       102   101.979       116  0.339429  0.550458
     5      16       146       130   103.979       112   1.11933  0.574777
     6      16       174       158   105.313       112  0.235717   0.55747
     7      16       186       170   97.1247        48  0.587707  0.557069
     8      16       213       197   98.4824       108  0.729329  0.619357
     9      16       241       225   99.9826       112  0.493606  0.612448
    10      16       269       253   101.183       112  0.467848  0.607249
    11      16       288       272   98.8924        76  0.438161  0.614094
    12      16       319       303   100.983       124  0.315117  0.614735
    13      16       342       326   100.291        92  0.242451  0.606874
    14      16       369       353   100.841       108    1.4245  0.616844
    15      16       399       383   102.117       120  0.464036  0.609476
    16      16       428       412   102.983       116  0.379239  0.605607
    17      16       452       436   102.572        96   1.15924  0.610113
    18      16       482       466   103.539       120  0.550832   0.60719
    19      16       506       490   103.142        96   1.08507  0.605666
2014-12-10 21:08:57.319481min lat: 0.097283 max lat: 2.58177 avg lat: 0.604764
   sec Cur ops   started  finished  avg MB/s  cur MB/s  last lat   avg lat
    20      16       534       518   103.584       112  0.857957  0.604764
    21      15       560       545   103.793       108  0.197327  0.601723
    22      16       591       575   104.529       120  0.240805  0.603831
    23      16       612       596   103.636        84  0.330767  0.600557
    24      16       642       626   104.317       120  0.473138  0.601949
    25      16       668       652   104.304       104  0.206199  0.599814
    26      16       696       680   104.599       112  0.436155  0.601776
    27      16       725       709   105.021       116  0.463363  0.600607
    28      16       751       735   104.984       104   0.76155  0.598009
    29      16       778       762   105.087       108  0.198749  0.599356
    30      16       805       789   105.184       108  0.210114  0.600286
    31      16       832       816   105.274       108  0.259561  0.598534
    32      16       861       845   105.609       116  0.440848  0.599598
    33      16       886       870   105.439       100  0.890053  0.599352
    34      16       909       893   105.043        92  0.098014  0.597083
    35      16       942       926   105.813       132  0.508879  0.598678
    36      16       969       953   105.873       108  0.384327  0.597804
    37      16       996       980    105.93       108  0.457529  0.599129
    38      16      1022      1006   105.879       104  0.524613  0.595837
    39      16      1048      1032    105.83       104   0.37356  0.597851
2014-12-10 21:09:17.322353min lat: 0.097283 max lat: 2.58177 avg lat: 0.596473
   sec Cur ops   started  finished  avg MB/s  cur MB/s  last lat   avg lat
    40      16      1080      1064   106.384       128  0.244305  0.596473
    41      16      1106      1090   106.325       104  0.578877  0.595697
    42      16      1136      1120   106.651       120  0.419477  0.596617
    43      16      1164      1148   106.775       112  0.740698  0.593873
    44      16      1192      1176   106.893       112  0.683681  0.594673
    45      16      1220      1204   107.006       112  0.445999  0.593582
    46      16      1247      1231   107.027       108  0.360475  0.593029
    47      16      1273      1257   106.963       104  0.177374  0.593109
    48      16      1295      1279   106.567        88  0.236092  0.591163
    49      16      1319      1303   106.351        96  0.142909  0.593904
    50      16      1342      1326   106.064        92  0.106814  0.594471
    51      16      1375      1359   106.572       132  0.589937  0.597537
    52      16      1400      1384   106.446       100  0.185168  0.595139
    53      16      1425      1409   106.324       100  0.236214  0.595881
    54      16      1457      1441   106.725       128  0.178798  0.596305
    55      16      1479      1463   106.384        88  0.421152  0.595594
    56      16      1509      1493   106.627       120  0.784697  0.595548
    57      16      1538      1522   106.791       116  0.408925  0.595117
    58      16      1566      1550   106.881       112   1.31783  0.594728
    59      16      1591      1575   106.764       100  0.169812  0.595323
2014-12-10 21:09:37.325261min lat: 0.095703 max lat: 2.58177 avg lat: 0.594452
   sec Cur ops   started  finished  avg MB/s  cur MB/s  last lat   avg lat
    60      16      1616      1600   106.651       100  0.198365  0.594452
    61       7      1617      1610   105.558        40  0.827412  0.596825
    62       2      1617      1615   104.178        20   1.71792  0.600189
 Total time run:         62.107586
Total writes made:      1617
Write size:             4194304
Bandwidth (MB/sec):     104.142 

Stddev Bandwidth:       23.3271
Max bandwidth (MB/sec): 132
Min bandwidth (MB/sec): 0
Average Latency:        0.602475
Stddev Latency:         0.420754
Max latency:            2.8641
Min latency:            0.095703
