 Maintaining 16 concurrent writes of 4194304 bytes for up to 60 seconds or 0 objects
 Object prefix: benchmark_data_ceph-radosbench-1_1
   sec Cur ops   started  finished  avg MB/s  cur MB/s  last lat   avg lat
     0       0         0         0         0         0         -         0
     1      16        21         5   19.9931        20    0.3509   0.21958
     2      16        47        31   61.9843       104  0.203072  0.552034
     3      16        74        58   77.3162       108  0.142472   0.41899
     4      16        98        82   81.9833        96  0.486543  0.673544
     5      16       126       110   87.9827       112  0.213644  0.661526
     6      16       155       139   92.5904       116   0.57184  0.634401
     7      16       184       168   95.9295       116  0.246064  0.610152
     8      16       214       198   98.9345       120   1.11508   0.58344
     9      16       239       223   99.0512       100   0.24069  0.575058
    10      16       266       250   99.9441       108  0.218794  0.561707
    11      16       293       277   100.675       108  0.926868   0.55801
    12      16       318       302   100.617       100  0.601563  0.575497
    13      16       351       335   103.029       132   1.49738  0.596403
    14      16       379       363   103.668       112  0.342533  0.592632
    15      16       403       387   103.156        96  0.231759  0.588894
    16      16       429       413   103.208       104   0.26905  0.587467
    17      16       465       449   105.606       144  0.381988   0.59712
    18      16       488       472   104.849        92  0.609648  0.593034
    19      16       519       503   105.856       124  0.715627  0.594827
2014-12-11 01:33:36.493631min lat: 0.095422 max lat: 4.92536 avg lat: 0.591994
   sec Cur ops   started  finished  avg MB/s  cur MB/s  last lat   avg lat
    20      16       544       528   105.563       100  0.642262  0.591994
    21      16       570       554   105.488       104  0.266845  0.594166
    22      16       598       582   105.783       112  0.353929  0.589533
    23      16       623       607   105.531       100   0.18957  0.586392
    24      16       653       637   106.133       120  0.282441  0.588497
    25      16       682       666   106.527       116  0.599137  0.584965
    26      16       709       693   106.583       108  0.400502  0.590131
    27      16       740       724   107.227       124  0.569129  0.589472
    28      16       767       751   107.254       108   0.27593  0.588659
    29      16       800       784   108.107       132  0.618929  0.585931
    30      16       825       809   107.836       100  0.284763  0.583893
    31      16       848       832   107.325        92  0.274903  0.578731
    32      16       874       858    107.22       104  0.660024  0.574671
    33      16       897       881   106.759        92  0.189157  0.567426
    34      16       922       906    106.56       100   0.15789  0.582452
    35      16       957       941   107.514       140  0.225533  0.588745
    36      16       989       973   108.083       128  0.509596  0.588227
    37      16      1014       998   107.864       100  0.553064  0.586786
    38      16      1039      1023   107.657       100  0.281657  0.585545
    39      16      1070      1054   108.075       124  0.189363  0.581229
2014-12-11 01:33:56.496556min lat: 0.094101 max lat: 4.92536 avg lat: 0.584931
   sec Cur ops   started  finished  avg MB/s  cur MB/s  last lat   avg lat
    40      16      1094      1078   107.773        96  0.139547  0.584931
    41      16      1119      1103   107.583       100  0.194008  0.580091
    42      16      1148      1132   107.783       116  0.281835  0.580696
    43      16      1177      1161   107.974       116  0.247579  0.585799
    44      16      1199      1183    107.52        88  0.132274   0.58234
    45      16      1235      1219    108.33       144  0.351834  0.585976
    46      16      1263      1247   108.409       112  0.173435  0.582884
    47      16      1291      1275   108.485       112  0.150623   0.58146
    48      16      1321      1305   108.725       120  0.312948  0.581777
    49      16      1347      1331   108.628       104  0.351531   0.58125
    50      16      1375      1359   108.695       112   2.64006  0.582809
    51      16      1401      1385   108.603       104  0.791439  0.584477
    52      16      1434      1418   109.052       132  0.703819  0.583365
    53      16      1461      1445   109.032       108   0.17864  0.581253
    54      16      1489      1473   109.087       112  0.393542  0.578946
    55      16      1517      1501    109.14       112  0.517023  0.580493
    56      16      1543      1527   109.048       104   1.14701  0.582122
    57      16      1568      1552   108.889       100  0.424875  0.582052
    58      16      1592      1576   108.666        96  0.249594  0.580272
    59      16      1625      1609   109.061       132  0.347003  0.583438
2014-12-11 01:34:16.499417min lat: 0.094101 max lat: 4.92536 avg lat: 0.582565
   sec Cur ops   started  finished  avg MB/s  cur MB/s  last lat   avg lat
    60      16      1656      1640    109.31       124  0.282507  0.582565
 Total time run:         60.978900
Total writes made:      1656
Write size:             4194304
Bandwidth (MB/sec):     108.628 

Stddev Bandwidth:       22.4036
Max bandwidth (MB/sec): 144
Min bandwidth (MB/sec): 0
Average Latency:        0.587084
Stddev Latency:         0.634955
Max latency:            4.92536
Min latency:            0.094101
