 Maintaining 16 concurrent writes of 4194304 bytes for up to 60 seconds or 0 objects
 Object prefix: benchmark_data_ceph-radosbench-1_1
   sec Cur ops   started  finished  avg MB/s  cur MB/s  last lat   avg lat
     0       0         0         0         0         0         -         0
     1      16        37        21   83.9702        84  0.912034  0.488622
     2      16        66        50   99.9747       116  0.266056  0.459187
     3      16        95        79    105.31       116  0.232629  0.446229
     4      16       122       106   105.979       108  0.222061  0.489379
     5      16       152       136   108.779       120  0.348687  0.477145
     6      16       179       163   108.647       108  0.282581  0.457675
     7      16       206       190   108.552       108  0.138128   0.50013
     8      16       236       220   109.981       120     0.213  0.495117
     9      16       263       247   109.758       108  0.242099  0.508113
    10      16       290       274   109.581       108  0.319602  0.503059
    11      16       318       302   109.799       112   0.41495  0.557969
    12      16       343       327   108.982       100  0.298546  0.562767
    13      16       375       359   110.443       128  0.358341   0.56615
    14      16       401       385   109.982       104  0.743721  0.566549
    15      16       426       410   109.316       100  0.200098  0.562785
    16      16       455       439   109.732       116  0.583754  0.560817
    17      16       485       469   110.335       120  0.493224  0.567655
    18      16       512       496   110.205       108  0.235687  0.563369
    19      16       543       527    110.93       124  0.404638  0.563283
2014-12-11 02:16:00.961653min lat: 0.10504 max lat: 3.73688 avg lat: 0.559638
   sec Cur ops   started  finished  avg MB/s  cur MB/s  last lat   avg lat
    20      16       571       555   110.983       112  0.351933  0.559638
    21      16       598       582    110.84       108  0.320737  0.564326
    22      16       626       610   110.892       112   1.64188  0.566846
    23      16       654       638   110.939       112    2.1515  0.564992
    24      16       682       666   110.983       112  0.399325  0.566099
    25      16       709       693   110.863       108  0.390335  0.568638
    26      16       736       720   110.752       108  0.414495  0.568634
    27      16       763       747    110.65       108  0.764841   0.56986
    28      16       795       779   111.269       128  0.285258  0.568903
    29      16       818       802   110.604        92  0.323688  0.571898
    30      16       848       832   110.916       120  0.300703  0.569609
    31      16       872       856   110.435        96  0.575706   0.56927
    32      16       902       886   110.733       120   0.37544  0.572032
    33      16       925       909   110.165        92  0.632597  0.572056
    34      16       960       944   111.042       140  0.470453  0.570149
    35      16       985       969   110.726       100  0.790034  0.571298
    36      16      1013       997   110.761       112  0.257477  0.570487
    37      16      1041      1025   110.794       112  0.355391   0.57089
    38      16      1072      1056   111.141       124  0.378903  0.572188
    39      16      1097      1081   110.855       100  0.243923  0.570585
2014-12-11 02:16:20.964593min lat: 0.10504 max lat: 3.73688 avg lat: 0.570986
   sec Cur ops   started  finished  avg MB/s  cur MB/s  last lat   avg lat
    40      16      1128      1112   111.183       124  0.850288  0.570986
    41      16      1156      1140   111.203       112  0.408821  0.571492
    42      16      1182      1166   111.031       104  0.499455   0.57091
    43      16      1209      1193    110.96       108  0.326038   0.57092
    44      16      1237      1221   110.983       112  0.298617  0.571021
    45      16      1268      1252   111.272       124  0.424645  0.569344
    46      16      1295      1279   111.201       108  0.205927  0.566237
    47      16      1326      1310   111.473       124    0.2339   0.56081
    48      16      1353      1337     111.4       108  0.183315  0.557781
    49      16      1379      1363   111.249       104  0.126778  0.560711
    50      16      1406      1390   111.183       108  0.219178  0.564457
    51      16      1437      1421   111.434       124  0.251993  0.560633
    52      16      1464      1448   111.368       108  0.162814  0.558054
    53      16      1494      1478    111.53       120  0.121805  0.560827
    54      16      1521      1505   111.465       108  0.332173  0.564582
    55      16      1542      1526   110.965        84  0.744528   0.56653
    56      16      1570      1554   110.983       112  0.226141  0.571257
    57      16      1602      1586   111.282       128  0.388183  0.572788
    58      16      1631      1615   111.363       116  0.488908  0.571521
    59      16      1656      1640    111.17       100  0.417135  0.571005
2014-12-11 02:16:40.967487min lat: 0.098426 max lat: 4.79198 avg lat: 0.572182
   sec Cur ops   started  finished  avg MB/s  cur MB/s  last lat   avg lat
    60      16      1685      1669    111.25       116  0.371184  0.572182
 Total time run:         60.514011
Total writes made:      1685
Write size:             4194304
Bandwidth (MB/sec):     111.379 

Stddev Bandwidth:       17.7092
Max bandwidth (MB/sec): 140
Min bandwidth (MB/sec): 0
Average Latency:        0.573682
Stddev Latency:         0.604594
Max latency:            4.79198
Min latency:            0.098426
