 Maintaining 16 concurrent writes of 4194304 bytes for up to 60 seconds or 0 objects
 Object prefix: benchmark_data_ceph-radosbench-1_1
   sec Cur ops   started  finished  avg MB/s  cur MB/s  last lat   avg lat
     0       0         0         0         0         0         -         0
     1      16        36        20   79.9711        80  0.969233  0.515513
     2      16        66        50   99.9701       120  0.485834  0.546196
     3      16        91        75   99.9737       100  0.434276  0.548212
     4      16       119       103   102.975       112  0.391558  0.560422
     5      16       141       125   99.9764        88  0.851993  0.569668
     6      16       173       157   104.643       128  0.257633  0.579634
     7      16       197       181   103.405        96  0.352661  0.583852
     8      16       224       208   103.977       108  0.503416  0.583622
     9      16       250       234   103.977       104   1.20629  0.593616
    10      16       281       265   105.975       124  0.373911  0.584502
    11      16       308       292   106.157       108  0.375288  0.587782
    12      16       336       320   106.639       112  0.336483  0.585904
    13      16       361       345   106.127       100  0.411738  0.584566
    14      16       390       374    106.83       116  0.322257  0.584009
    15      16       415       399   106.373       100  0.605091  0.577296
    16      16       446       430   107.474       124  0.299424  0.585253
    17      16       471       455   107.033       100  0.544334  0.583664
    18      16       503       487   108.196       128  0.417466   0.58074
    19      16       528       512   107.764       100  0.291524  0.580164
2015-02-01 03:04:04.913431min lat: 0.151933 max lat: 2.20017 avg lat: 0.580089
   sec Cur ops   started  finished  avg MB/s  cur MB/s  last lat   avg lat
    20      16       557       541   108.174       116  0.397034  0.580089
    21      16       582       566   107.784       100  0.287866  0.578743
    22      16       610       594   107.974       112   1.56764   0.58401
    23      16       639       623   108.322       116  0.289699  0.582611
    24      16       666       650   108.308       108   0.28068  0.581414
    25      16       691       675   107.975       100   0.18878  0.581828
    26      16       720       704   108.283       116  0.511074  0.580637
    27      16       749       733   108.568       116  0.409335  0.579561
    28      16       772       756   107.975        92  0.274452   0.58232
    29      16       799       783   107.975       108   1.79315  0.584915
    30      16       823       807   107.575        96  0.490182  0.585423
    31      16       850       834   107.588       108  0.260558  0.586694
    32      16       877       861     107.6       108  0.285884  0.584972
    33      16       902       886    107.37       100  0.775992  0.584675
    34      16       935       919   108.093       132  0.516732  0.587776
    35      16       959       943   107.747        96  0.399645  0.586072
    36      16       984       968   107.531       100  0.314356  0.587351
    37      16      1014       998   107.868       120  0.218186  0.587552
    38      16      1046      1030   108.397       128  0.451041  0.586354
    39      16      1073      1057   108.386       108  0.198922  0.585233
2015-02-01 03:04:24.917609min lat: 0.122603 max lat: 2.29331 avg lat: 0.584873
   sec Cur ops   started  finished  avg MB/s  cur MB/s  last lat   avg lat
    40      16      1101      1085   108.476       112  0.352494  0.584873
    41      16      1127      1111   108.366       104  0.370436  0.583344
    42      16      1157      1141   108.642       120   0.34051  0.583499
    43      16      1183      1167   108.534       104  0.148172  0.583748
    44      16      1210      1194   108.521       108  0.260774  0.583851
    45      16      1236      1220    108.42       104  0.307883  0.584967
    46      16      1262      1246   108.324       104  0.250874   0.58454
    47      16      1286      1270   108.061        96   0.20806  0.583579
    48      16      1320      1304   108.643       136  0.431929  0.585706
    49      16      1342      1326   108.221        88  0.180338  0.583758
    50      16      1364      1348   107.816        88   0.41059  0.582894
    51      16      1390      1374   107.741       104  0.210439  0.587923
    52      16      1417      1401   107.746       108  0.866393  0.588674
    53      16      1442      1426   107.599       100  0.204991  0.587683
    54      16      1470      1454    107.68       112  0.387856  0.588902
    55      16      1487      1471   106.959        68  0.251479  0.590046
    56      16      1512      1496   106.834       100  0.198885  0.592989
    57      16      1538      1522   106.784       104  0.526556  0.594872
    58      16      1571      1555   107.218       132  0.572352  0.594226
    59      16      1594      1578    106.96        92  0.508531  0.594417
2015-02-01 03:04:44.921590min lat: 0.122603 max lat: 2.69485 avg lat: 0.59375
   sec Cur ops   started  finished  avg MB/s  cur MB/s  last lat   avg lat
    60      16      1627      1611   107.377       132  0.406014   0.59375
    61      14      1627      1613   105.748         8   0.89094  0.594061
 Total time run:         61.594824
Total writes made:      1627
Write size:             4194304
Bandwidth (MB/sec):     105.658 

Stddev Bandwidth:       22.6331
Max bandwidth (MB/sec): 136
Min bandwidth (MB/sec): 0
Average Latency:        0.604238
Stddev Latency:         0.393514
Max latency:            2.69485
Min latency:            0.122603
