 Maintaining 16 concurrent writes of 4194304 bytes for up to 60 seconds or 0 objects
 Object prefix: benchmark_data_ceph-radosbench-1_1
   sec Cur ops   started  finished  avg MB/s  cur MB/s  last lat   avg lat
     0       0         0         0         0         0         -         0
     1      16        39        23    91.969        92  0.165281  0.381231
     2      16        61        45   89.9769        88   1.83864  0.418494
     3      16        75        59   78.6497        56  0.509248  0.458807
     4      16        99        83   82.9843        96   0.09402   0.57122
     5      16       116       100   79.9857        68  0.130842  0.658432
     6      16       143       127   84.6518       108  0.135366  0.677658
     7      16       175       159   90.8413       128   1.67286  0.664483
     8      16       185       169   84.4852        40  0.118644  0.634866
     9      16       185       169   75.0981         0         -  0.634866
    10      16       193       177   70.7883        16  0.094598  0.667111
    11      16       193       177   64.3534         0         -  0.667111
    12      16       203       187   62.3237        20  0.099523  0.716585
    13      16       208       192    59.068        20  0.094005  0.700401
    14      16       218       202   57.7058        40   7.10204  0.840223
    15      16       247       231   61.5911       116   0.21215  0.877225
    16      16       269       253   63.2411        88  0.516585  0.948861
    17      16       286       270   63.5204        68  0.115478  0.939934
    18      16       305       289   64.2133        76  0.105872  0.935306
    19      16       314       298   62.7283        36   2.51264  0.960057
2014-12-11 00:15:28.777676min lat: 0.093477 max lat: 7.55669 avg lat: 0.949234
   sec Cur ops   started  finished  avg MB/s  cur MB/s  last lat   avg lat
    20      16       319       303   60.5919        20  0.096414  0.949234
    21      16       327       311   59.2302        32  0.097387   0.92729
    22      16       327       311    56.538         0         -   0.92729
    23      16       333       317   55.1233        12  0.102008  0.962585
    24      16       337       321   53.4931        16  0.106047   1.01272
    25      16       351       335   53.5932        56  0.095335   1.03492
    26      16       373       357    54.916        88  0.221055   1.11896
    27      16       395       379   56.1408        88  0.096305   1.08302
    28      16       410       394   56.2784        60  0.208714   1.08683
    29      16       437       421   58.0614       108  0.189131   1.04716
    30      16       458       442   58.9257        84  0.166788   1.02648
    31      16       466       450   58.0569        32  0.094797    1.0368
    32      16       482       466   58.2424        64   0.13158   1.03758
    33      16       498       482   58.4166        64   0.09687   1.00802
    34      16       504       488   57.4043        24  0.113763   1.02604
    35      16       512       496   56.6783        32  0.096624   1.04235
    36      16       529       513   56.9926        68  0.094388   1.06782
    37      16       546       530   57.2899        68  0.612899   1.08325
    38      16       569       553    58.203        92  0.095869   1.06103
    39      16       579       563   57.7362        40  0.211743   1.06136
2014-12-11 00:15:48.780080min lat: 0.093239 max lat: 7.55669 avg lat: 1.05057
   sec Cur ops   started  finished  avg MB/s  cur MB/s  last lat   avg lat
    40      16       605       589   58.8925       104   0.20499   1.05057
    41      16       621       605   59.0169        64  0.097026   1.02725
    42      16       629       613   58.3735        32  0.116063   1.01531
    43      16       636       620   57.6671        28  0.316771    1.0082
    44      16       636       620   56.3565         0         -    1.0082
    45      16       643       627   55.7263        14  0.094317   1.03043
    46      16       664       648   56.3408        84  0.093631   1.06711
    47      16       687       671   57.0992        92  0.206175   1.08868
    48      16       710       694    57.826        92  0.104275   1.08405
    49      16       738       722   58.9313       112  0.319054   1.06631
    50      16       766       750   59.9924       112  0.393649   1.05635
    51      16       797       781   61.2471       124  0.682094   1.03817
    52      16       820       804   61.8382        92  0.246726   1.02162
    53      16       842       826   62.3316        88  0.097998   1.00232
    54      16       851       835   61.8439        36   0.10019   1.00411
    55      16       868       852   61.9556        68   3.28276   1.01007
    56      16       876       860   61.4206        32  0.156034   1.01377
    57      16       901       885   62.0972       100  0.130316   1.00956
    58      16       922       906   62.4747        84  0.099673  0.999988
    59      16       949       933   63.2461       108  0.154733   0.99623
2014-12-11 00:16:08.782714min lat: 0.093057 max lat: 7.713 avg lat: 0.992368
   sec Cur ops   started  finished  avg MB/s  cur MB/s  last lat   avg lat
    60      16       965       949   63.2585        64  0.649186  0.992368
    61      15       965       950   62.2871         4   0.40345  0.991748
    62      15       965       950   61.2825         0         -  0.991748
    63      15       965       950   60.3098         0         -  0.991748
    64      15       965       950   59.3675         0         -  0.991748
 Total time run:         64.538482
Total writes made:      965
Write size:             4194304
Bandwidth (MB/sec):     59.809 

Stddev Bandwidth:       38.2558
Max bandwidth (MB/sec): 128
Min bandwidth (MB/sec): 0
Average Latency:        1.06338
Stddev Latency:         1.76016
Max latency:            7.713
Min latency:            0.093057
