 Maintaining 16 concurrent writes of 4194304 bytes for up to 60 seconds or 0 objects
 Object prefix: benchmark_data_ceph-radosbench-1_1
   sec Cur ops   started  finished  avg MB/s  cur MB/s  last lat   avg lat
     0       0         0         0         0         0         -         0
     1      16        38        22    87.973        88  0.273453  0.423276
     2      16        66        50   99.9773       112  0.200724  0.452455
     3      16        95        79   105.313       116   0.16682  0.487057
     4      15       123       108    107.98       116  0.401036  0.504242
     5      16       148       132   105.581        96  0.369822   0.51462
     6      16       174       158   105.315       104   0.18787  0.552118
     7      16       204       188    107.41       120  0.172585  0.540262
     8      16       233       217   108.481       116   0.24392  0.556262
     9      16       261       245   108.871       112   1.05148  0.561196
    10      16       289       273   109.182       112  0.324711  0.559995
    11      16       319       303   110.164       120  0.225183   0.56335
    12      16       340       324   107.983        84  0.712057   0.56265
    13      16       375       359   110.444       140  0.733221   0.56359
    14      16       400       384   109.697       100  0.497027  0.565748
    15      16       426       410   109.317       104   2.46243   0.55871
    16      16       453       437   109.233       108  0.816046  0.563534
    17      16       489       473   111.277       144  0.339153  0.567708
    18      16       515       499   110.872       104  0.939566  0.566839
    19      16       539       523   110.088        96  0.330709  0.564977
2014-12-11 01:29:06.790062min lat: 0.132687 max lat: 3.16703 avg lat: 0.561581
   sec Cur ops   started  finished  avg MB/s  cur MB/s  last lat   avg lat
    20      16       570       554   110.783       124  0.256333  0.561581
    21      16       597       581    110.65       108  0.328872  0.555199
    22      16       620       604   109.801        92  0.119694  0.557948
    23      16       650       634   110.244       120   0.18342  0.562743
    24      16       678       662   110.317       112  0.186731  0.559781
    25      16       705       689   110.223       108   1.42643  0.565493
    26      16       735       719   110.599       120  0.517381  0.565097
    27      16       763       747    110.65       112   0.19418  0.560323
    28      16       794       778   111.126       124  0.467013    0.5696
    29      16       819       803   110.742       100  0.387072  0.567752
    30      16       849       833    111.05       120  0.207096  0.566166
    31      16       875       859   110.822       104  0.194924  0.565283
    32      16       906       890   111.233       124  0.359501  0.566476
    33      16       928       912   110.529        88  0.144381  0.563833
    34      16       959       943   110.924       124   0.42054  0.566233
    35      16       987       971   110.955       112   0.86471  0.571131
    36      16      1020      1004   111.539       132  0.615681  0.568605
    37      16      1048      1032   111.551       112  0.468051  0.567303
    38      16      1076      1060   111.562       112  0.516348  0.568368
    39      16      1099      1083    111.06        92  0.594295  0.570415
2014-12-11 01:29:26.793002min lat: 0.100061 max lat: 3.86404 avg lat: 0.568377
   sec Cur ops   started  finished  avg MB/s  cur MB/s  last lat   avg lat
    40      16      1128      1112   111.183       116  0.523883  0.568377
    41      16      1153      1137    110.91       100  0.364753  0.565868
    42      16      1181      1165   110.936       112  0.347695  0.565818
    43      16      1212      1196   111.239       124  0.331102  0.566411
    44      16      1242      1226   111.438       120  0.506412  0.570871
    45      16      1268      1252   111.272       104   1.51337  0.571433
    46      16      1298      1282   111.462       120   0.21819  0.569588
    47      16      1328      1312   111.643       120  0.455479  0.567976
    48      16      1353      1337     111.4       100   1.03147  0.567437
    49      16      1377      1361   111.086        96  0.131481  0.567879
    50      16      1403      1387   110.944       104  0.165465  0.567285
    51      16      1431      1415   110.964       112  0.318567  0.571677
    52      16      1463      1447   111.291       128  0.269425  0.571837
    53      16      1488      1472   111.078       100   1.07559  0.571043
    54      16      1519      1503   111.317       124    1.7878   0.57084
    55      16      1547      1531   111.329       112  0.439053  0.571926
    56      16      1569      1553   110.912        88   1.02457  0.571951
    57      16      1596      1580   110.861       108   0.34025  0.571295
    58      16      1627      1611   111.087       124  0.519593   0.57103
    59      16      1657      1641   111.238       120  0.459897  0.571689
2014-12-11 01:29:46.795832min lat: 0.100061 max lat: 3.86404 avg lat: 0.571341
   sec Cur ops   started  finished  avg MB/s  cur MB/s  last lat   avg lat
    60      16      1688      1672    111.45       124  0.567014  0.571341
 Total time run:         60.783325
Total writes made:      1689
Write size:             4194304
Bandwidth (MB/sec):     111.149 

Stddev Bandwidth:       19.0211
Max bandwidth (MB/sec): 144
Min bandwidth (MB/sec): 0
Average Latency:        0.574037
Stddev Latency:         0.527436
Max latency:            3.86404
Min latency:            0.100061
