 Maintaining 16 concurrent writes of 4194304 bytes for up to 60 seconds or 0 objects
 Object prefix: benchmark_data_ceph-radosbench-1_1
   sec Cur ops   started  finished  avg MB/s  cur MB/s  last lat   avg lat
     0       0         0         0         0         0         -         0
     1      16        31        15   59.9785        60  0.299753   0.49071
     2      16        54        38   75.9809        92  0.794149  0.688237
     3      16        68        52   69.3184        56  0.379608  0.706151
     4      16        84        68   67.9867        64  0.346487  0.722253
     5      16        91        75   59.9889        28  0.146932  0.755198
     6      16       106        90   59.9898        60   1.88502  0.928839
     7      16       116       100   57.1336        40   1.38824  0.984792
     8      16       140       124   61.9903        96  0.374392  0.991981
     9      16       157       141   62.6566        68  0.566549  0.964183
    10      16       174       158   63.1898        68    1.0538  0.955038
    11      16       189       173   62.8992        60  0.776057  0.949191
    12      16       198       182   60.6572        36  0.234353  0.952257
    13      16       207       191   58.7601        36   2.09852   1.01526
    14      16       220       204   58.2769        52   1.26896   1.04889
    15      16       233       217    57.858        52   1.59879   1.06237
    16      16       256       240    59.991        92  0.539559   1.04435
    17      16       269       253   59.5207        52  0.246935    1.0268
    18      16       284       268   59.5468        60  0.363554   1.02642
    19      16       293       277   58.3073        36  0.217998   1.00618
2014-12-10 23:49:29.281603min lat: 0.14178 max lat: 2.74752 avg lat: 1.00618
   sec Cur ops   started  finished  avg MB/s  cur MB/s  last lat   avg lat
    20      16       293       277    55.392         0         -   1.00618
    21      16       312       296   56.3727        38   2.17071   1.11179
    22      16       336       320   58.1733        96   1.25176   1.07973
    23      16       354       338    58.774        72     1.362    1.0657
    24      16       370       354   58.9914        64  0.275874   1.05104
    25      16       386       370   59.1914        64   1.81458   1.05186
    26      16       395       379   58.2992        36   0.27267   1.04402
    27      16       398       382   56.5843        12   2.43656   1.05595
    28      16       410       394   56.2776        48   2.93439   1.10303
    29      16       433       417   57.5089        92  0.459167    1.0903
    30      16       454       438   58.3914        84  0.502644   1.07813
    31      16       471       455    58.701        68    1.2175   1.07102
    32      16       487       471   58.8663        64  0.298167   1.06141
    33      16       499       483   58.5367        48  0.312032   1.05721
    34      16       502       486   57.1679        12   2.52257   1.06624
    35      16       506       490   55.9916        16   3.31229   1.07962
    36      16       529       513   56.9915        92  0.184085   1.10145
    37      16       546       530   57.2888        68  0.463177   1.09499
    38      16       563       547   57.5704        68  0.308293   1.09206
    39      16       581       565   57.9401        72  0.368142   1.08609
2014-12-10 23:49:49.284676min lat: 0.09924 max lat: 3.62939 avg lat: 1.08769
   sec Cur ops   started  finished  avg MB/s  cur MB/s  last lat   avg lat
    40      16       590       574   57.3915        36  0.232286   1.08769
    41      16       590       574   55.9916         0         -   1.08769
    42      16       595       579   55.1347        10  0.094598   1.09435
    43      16       612       596   55.4336        68  0.162188   1.11824
    44      16       632       616   55.9917        80  0.435581   1.12693
    45      16       643       627   55.7251        44   1.52741   1.12934
    46      16       657       641   55.7309        56   1.80129   1.12978
    47      16       666       650    55.311        36  0.779775   1.13401
    48      16       686       670   55.8251        80  0.225472   1.12351
    49      16       695       679   55.4204        36   2.18072   1.12212
    50      16       696       680    54.392         4  0.168083   1.12072
    51      16       717       701   54.9723        84  0.290675   1.15062
    52      16       735       719   55.2995        72  0.373509   1.14463
    53      16       742       726   54.7844        28   1.44964   1.14675
    54      16       759       743   55.0289        68  0.183571   1.15338
    55      16       777       761   55.3373        72   1.47313   1.14349
    56      16       783       767   54.7776        24  0.168876   1.14285
    57      16       789       773   54.2376        24  0.236121   1.13519
    58      16       800       784   54.0611        44  0.230174   1.14855
    59      16       820       804   54.5005        80   1.07784   1.16472
2014-12-10 23:50:09.287489min lat: 0.093751 max lat: 3.83232 avg lat: 1.16362
   sec Cur ops   started  finished  avg MB/s  cur MB/s  last lat   avg lat
    60      16       832       816    54.392        48   1.16234   1.16362
 Total time run:         60.699696
Total writes made:      833
Write size:             4194304
Bandwidth (MB/sec):     54.893 

Stddev Bandwidth:       26.0129
Max bandwidth (MB/sec): 96
Min bandwidth (MB/sec): 0
Average Latency:        1.16582
Stddev Latency:         0.911991
Max latency:            3.83232
Min latency:            0.093751
