 Maintaining 16 concurrent writes of 4194304 bytes for up to 60 seconds or 0 objects
 Object prefix: benchmark_data_ceph-radosbench-1_1
   sec Cur ops   started  finished  avg MB/s  cur MB/s  last lat   avg lat
     0       0         0         0         0         0         -         0
     1      16        32        16   63.9807        64  0.400079  0.506285
     2      16        46        30   59.9862        56   1.27316  0.680038
     3      16        67        51   67.9864        84   1.16447  0.801759
     4      16        82        66   65.9885        60  0.283973  0.801959
     5      16        92        76   60.7899        40  0.174629  0.818526
     6      16       100        84   55.9909        32   1.21276  0.853654
     7      16       106        90   51.4208        24   3.41364   1.00319
     8      16       116       100   49.9928        40   2.37162   1.16388
     9      16       135       119   52.8816        76   0.18217   1.12992
    10      16       152       136   54.3928        68  0.283834   1.08784
    11      16       160       144   52.3568        32  0.283253    1.0817
    12      16       169       153   50.9936        36  0.505146   1.12309
    13      16       176       160   49.2244        28  0.615313   1.09818
    14      16       179       163   46.5653        12  0.785803   1.08864
    15      16       186       170   45.3274        28  0.498676    1.1364
    16      16       188       172   42.9945         8  0.112935   1.12636
    17      16       193       177   41.6418        20  0.280445    1.2083
    18      16       211       195   43.3279        72  0.373691   1.31138
    19      16       225       209   43.9945        56  0.518654    1.3736
2015-01-13 17:57:48.624441min lat: 0.110116 max lat: 6.73737 avg lat: 1.38434
   sec Cur ops   started  finished  avg MB/s  cur MB/s  last lat   avg lat
    20      16       234       218   43.5947        36   1.37489   1.38434
    21      16       246       230   43.8042        48   0.25033   1.38968
    22      16       258       242   43.9947        48   0.29008   1.37934
    23      16       270       254   44.1686        48  0.674613   1.37831
    24      16       274       258   42.9949        16  0.803357   1.36766
    25      16       278       262   41.9151        16  0.327661   1.35438
    26      16       285       269   41.3798        28   5.60165    1.3927
    27      16       300       284   42.0692        60  0.297054   1.43889
    28      16       316       300   42.8522        64  0.406921   1.45767
    29      16       331       315   43.4432        60   1.39956   1.44561
    30      16       341       325   43.3283        40   1.30619   1.43679
    31      16       356       340   43.8659        60   1.06503   1.42826
    32      16       362       346    43.245        24   1.10654    1.4204
    33      16       376       360   43.6314        56  0.335697     1.431
    34      16       390       374   43.9949        56  0.417385   1.40344
    35      16       396       380   43.4236        24  0.690801   1.38966
    36      16       405       389   43.2173        36  0.500072   1.39996
    37      16       419       403   43.5625        56  0.718769   1.41586
    38      16       430       414   43.5739        44  0.506019   1.43003
    39      16       442       426   43.6873        48   0.18838   1.43296
2015-01-13 17:58:08.626621min lat: 0.110116 max lat: 6.73737 avg lat: 1.42934
   sec Cur ops   started  finished  avg MB/s  cur MB/s  last lat   avg lat
    40      16       457       441   44.0949        60   1.89559   1.42934
    41      16       471       455   44.3851        56  0.283208   1.41326
    42      16       477       461   43.8996        24  0.424608   1.40056
    43      16       480       464   43.1577        12  0.293387   1.39383
    44      16       480       464   42.1769         0         -   1.39383
    45      16       484       468   41.5952         8  0.849495   1.41341
    46      16       494       478   41.5604        40   5.65558   1.45561
    47      16       510       494   42.0377        64  0.288576   1.48179
    48      16       524       508   42.3284        56  0.177737   1.48229
    49      16       536       520    42.444        48   0.60553   1.47726
    50      16       544       528   42.2351        32  0.179408   1.46123
    51      16       552       536   42.0343        32  0.186653   1.45877
    52      16       558       542   41.6875        24    4.4365   1.46869
    53      16       564       548   41.3537        24  0.251278   1.45484
    54      16       564       548   40.5879         0         -   1.45484
    55      16       564       548     39.85         0         -   1.45484
    56      16       569       553   39.4955   6.66667  0.109167   1.48371
    57      16       586       570   39.9954        68     6.611   1.55412
    58      16       600       584   40.2713        56   2.41046   1.56682
    59      16       608       592    40.131        32  0.289217    1.5596
2015-01-13 17:58:28.628807min lat: 0.09519 max lat: 7.99113 avg lat: 1.55671
   sec Cur ops   started  finished  avg MB/s  cur MB/s  last lat   avg lat
    60      16       620       604   40.2621        48  0.253087   1.55671
    61      15       621       606   39.7332         8   2.50531   1.56019
    62      15       621       606   39.0923         0         -   1.56019
    63      15       621       606   38.4718         0         -   1.56019
    64      15       621       606   37.8707         0         -   1.56019
 Total time run:         64.432598
Total writes made:      621
Write size:             4194304
Bandwidth (MB/sec):     38.552 

Stddev Bandwidth:       22.4444
Max bandwidth (MB/sec): 84
Min bandwidth (MB/sec): 0
Average Latency:        1.65007
Stddev Latency:         1.81174
Max latency:            7.99113
Min latency:            0.09519
