 Maintaining 16 concurrent writes of 4194304 bytes for up to 60 seconds or 0 objects
 Object prefix: benchmark_data_ceph-radosbench-1_1
   sec Cur ops   started  finished  avg MB/s  cur MB/s  last lat   avg lat
     0       0         0         0         0         0         -         0
     1      16        39        23   91.9696        92  0.386901  0.440809
     2      16        68        52   103.975       116  0.224378  0.518457
     3      16        94        78   103.978       104   1.45345  0.523874
     4      16       117       101    100.98        92  0.734836  0.549478
     5      16       147       131    104.78       120  0.981325  0.549098
     6      16       170       154   102.648        92  0.654195  0.550519
     7      16       195       179   102.267       100  0.228925  0.512837
     8      16       223       207   103.481       112  0.165116  0.547736
     9      16       252       236    104.87       116  0.245251  0.566191
    10      16       276       260   103.982        96  0.128748  0.580157
    11      16       307       291     105.8       124  0.190415  0.570473
    12      16       337       321   106.982       120  0.156508  0.576754
    13      16       361       345   106.136        96  0.151778  0.578489
    14      16       385       369   105.411        96   1.24604  0.562164
    15      16       407       391   104.249        88  0.133664   0.54266
    16      16       414       398   99.4837        28  0.096479  0.536677
    17      16       428       412   96.9254        56  0.097757  0.560307
    18      16       449       433   96.2067        84  0.198135   0.57556
    19      16       470       454   95.5636        84    3.7744  0.625429
2014-12-11 00:31:05.129805min lat: 0.093354 max lat: 5.64809 avg lat: 0.629948
   sec Cur ops   started  finished  avg MB/s  cur MB/s  last lat   avg lat
    20      16       498       482   96.3848       112  0.177151  0.629948
    21      16       525       509   96.9371       108  0.100746  0.634788
    22      16       545       529   96.1667        80  0.107774  0.632817
    23      16       577       561     97.55       128  0.494775  0.629658
    24      16       592       576    95.985        60  0.510479  0.623387
    25      16       612       596   95.3452        80  0.096629  0.610133
    26      16       618       602   92.6012        24  0.096022  0.605016
    27      16       627       611   90.5049        36  0.263517  0.624745
    28      16       639       623   88.9868        48  0.143356  0.645937
    29      16       668       652   89.9179       116  0.185535  0.672726
    30      16       693       677   90.2534       100  0.461573  0.690592
    31      16       719       703   90.6963       104  0.126179  0.682979
    32      16       740       724   90.4867        84  0.189296  0.693101
    33      16       763       747   90.5322        92  0.278955  0.689936
    34      16       789       773   90.9278       104  0.104872   0.68594
    35      16       805       789   90.1582        64  0.095762  0.675376
    36      16       819       803   89.2091        56  0.135083   0.67881
    37      16       826       810   87.5547        28  0.095926  0.673799
    38      16       829       813   85.5665        12  0.098344  0.672384
    39      16       841       825   84.6033        48  0.110636    0.7054
2014-12-11 00:31:25.132676min lat: 0.093092 max lat: 6.79595 avg lat: 0.72597
   sec Cur ops   started  finished  avg MB/s  cur MB/s  last lat   avg lat
    40      16       871       855   85.4871       120  0.185398   0.72597
    41      16       893       877   85.5482        88  0.190903  0.728389
    42      16       923       907   86.3681       120   0.16233  0.731614
    43      16       946       930   86.4984        92  0.927528  0.729027
    44      16       969       953   86.6231        92   0.14368  0.724267
    45      16       994       978     86.92       100  0.260004  0.719596
    46      16      1018      1002   87.1171        96   0.18547  0.713943
    47      16      1030      1014   86.2847        48   0.09508  0.706875
    48      16      1036      1020    84.987        24  0.103069  0.716086
    49      16      1044      1028   83.9055        32  0.094337  0.711598
    50      16      1051      1035   82.7874        28   0.73831   0.72288
    51      16      1078      1062   83.2815       108  0.223083  0.738922
    52      16      1109      1093   84.0643       124  0.347398   0.74936
    53      16      1134      1118   84.3647       100   1.65742  0.752441
    54      16      1158      1142   84.5799        96  0.169389  0.746552
    55      16      1189      1173   85.2963       124  0.173886  0.738503
    56      16      1216      1200   85.7015       108  0.179262  0.740461
    57      16      1245      1229   86.2328       116  0.322129  0.729925
    58      16      1271      1255   86.5389       104  0.310118  0.726824
    59      16      1290      1274   86.3601        76  0.107592  0.721856
2014-12-11 00:31:45.135565min lat: 0.093092 max lat: 6.79595 avg lat: 0.714866
   sec Cur ops   started  finished  avg MB/s  cur MB/s  last lat   avg lat
    60      16      1308      1292   86.1206        72  0.095677  0.714866
    61      16      1308      1292   84.7087         0         -  0.714866
    62      14      1308      1294   83.4716         4   6.03643  0.722937
    63      14      1308      1294   82.1467         0         -  0.722937
 Total time run:         63.371082
Total writes made:      1308
Write size:             4194304
Bandwidth (MB/sec):     82.561 

Stddev Bandwidth:       36.3977
Max bandwidth (MB/sec): 128
Min bandwidth (MB/sec): 0
Average Latency:        0.771562
Stddev Latency:         1.30568
Max latency:            8.03479
Min latency:            0.093092
