 Maintaining 16 concurrent writes of 4194304 bytes for up to 60 seconds or 0 objects
 Object prefix: benchmark_data_ceph-radosbench-1_1
   sec Cur ops   started  finished  avg MB/s  cur MB/s  last lat   avg lat
     0       0         0         0         0         0         -         0
     1      16        24         8   31.9888        32  0.068241   0.18082
     2      16        24         8    15.996         0         -   0.18082
     3      16        24         8   10.6644         0         -   0.18082
     4      16        32        16   15.9969   10.6667   2.98025   1.09566
     5      16        32        16   12.7977         0         -   1.09566
     6      16        32        16   10.6649         0         -   1.09566
     7      16        32        16   9.14141         0         -   1.09566
     8      16        40        24   11.9982         8  0.257261   2.04819
     9      16        55        39   17.3307        60  0.109362   2.07251
    10      16        69        53   21.1968        56  0.181829    1.5774
    11      16        72        56   20.3606        12  0.071053   1.52459
    12      16        72        56    18.664         0         -   1.52459
    13      16        72        56   17.2283         0         -   1.52459
    14      16        72        56   15.9978         0         -   1.52459
    15      16        72        56   14.9313         0         -   1.52459
    16      16        93        77   19.2475      16.8   5.55247   2.79052
    17      16       115        99    23.291        88  0.071698   2.58666
    18      16       151       135   29.9959       144  0.681715   2.09109
    19      16       175       159   33.4691        96   0.87108    1.8507
2014-12-10 01:34:20.758060min lat: 0.064547 max lat: 15.9383 avg lat: 1.73587
   sec Cur ops   started  finished  avg MB/s  cur MB/s  last lat   avg lat
    20      16       195       179   35.7951        80  0.215588   1.73587
    21      16       210       194   36.9473        60  0.902243   1.66814
    22      16       229       213    38.722        76   0.07693   1.62298
    23      16       252       236   41.0378        92  0.801093   1.52852
    24      16       274       258   42.9941        88  0.173007   1.45096
    25      16       294       278   44.4739        80   0.52121   1.39744
    26      16       313       297   45.6861        76  0.067966   1.35846
    27      16       338       322   47.6971       100  0.197839   1.32104
    28      16       349       333   47.5649        44  0.098274   1.29226
    29      16       360       344   47.4417        44   2.05654   1.28973
    30      16       384       368   49.0599        96  0.070939   1.26976
    31      16       415       399   51.4767       124  0.068337    1.2193
    32      16       425       409   51.1179        40  0.203529   1.20965
    33      16       451       435     52.72       104  0.178661   1.18757
    34      16       477       461   54.2278       104  0.220836   1.16025
    35      16       501       485    55.421        96    1.3606    1.1373
    36      16       520       504   55.9923        76  0.184334   1.11492
    37      16       540       524   56.6409        80   0.10606    1.1001
    38      16       553       537   56.5186        52  0.782647   1.08917
    39      16       562       546   55.9923        36  0.795198   1.09676
2014-12-10 01:34:40.760767min lat: 0.064547 max lat: 15.9383 avg lat: 1.09638
   sec Cur ops   started  finished  avg MB/s  cur MB/s  last lat   avg lat
    40      16       588       572   57.1922       104  0.173762   1.09638
    41      16       609       593   57.8458        84   1.27627   1.08915
    42      16       637       621   59.1348       112  0.124689   1.06404
    43      16       650       634   58.9687        52  0.987705   1.06221
    44      16       665       649    58.992        60  0.350836    1.0638
    45      16       690       674   59.9029       100  0.109678   1.05195
    46      16       720       704   61.2091       120  0.091289   1.02833
    47      16       728       712   60.5875        32  0.098206   1.02792
    48      16       747       731   60.9083        76    2.1218   1.02647
    49      16       768       752   61.3794        84  0.103864   1.00766
    50      16       784       768   61.4316        64  0.406872   1.01043
    51      16       806       790   61.9524        88  0.805933   1.01606
    52      16       825       809   62.2223        76  0.098691   1.01274
    53      16       848       832   62.7839        92  0.135665   1.00749
    54      16       867       851   63.0285        76  0.167458    1.0028
    55      16       892       876   63.7004       100  0.656915  0.995487
    56      16       906       890   63.5628        56  0.096187  0.989094
    57      16       918       902   63.2897        48  0.558892  0.988171
    58      16       942       926   63.8534        96  0.314842  0.984011
    59      16       962       946   64.1269        80  0.783632   0.98731
2014-12-10 01:35:00.763481min lat: 0.064547 max lat: 15.9383 avg lat: 0.983311
   sec Cur ops   started  finished  avg MB/s  cur MB/s  last lat   avg lat
    60      16       985       969   64.5912        92  0.891199  0.983311
    61      16       986       970   63.5979         4   0.41807  0.982728
 Total time run:         61.609711
Total writes made:      986
Write size:             4194304
Bandwidth (MB/sec):     64.016 

Stddev Bandwidth:       39.4103
Max bandwidth (MB/sec): 144
Min bandwidth (MB/sec): 0
Average Latency:        0.999654
Stddev Latency:         1.67261
Max latency:            15.9383
Min latency:            0.064547
