 Maintaining 16 concurrent writes of 4194304 bytes for up to 60 seconds or 0 objects
 Object prefix: benchmark_data_ceph-radosbench-1_1
   sec Cur ops   started  finished  avg MB/s  cur MB/s  last lat   avg lat
     0       0         0         0         0         0         -         0
     1      16        33        17   67.9825        68  0.923267  0.501549
     2      16        50        34    67.986        68   1.96386  0.496153
     3      16        59        43   57.3226        36  0.250481  0.588053
     4      16        79        63   62.9889        80  0.104052  0.679048
     5      16        92        76   60.7897        52   3.10788  0.801108
     6      16       104        88    58.657        48  0.099093  0.809074
     7      16       115        99   56.5623        44  0.103252  0.829984
     8      16       123       107   53.4914        32  0.093586  0.778328
     9      16       136       120   53.3248        52  0.094655  0.823444
    10      16       144       128   51.1919        32   5.88664  0.870197
    11      16       161       145   52.7187        68  0.182481  0.935655
    12      16       181       165   54.9911        80   0.22815   1.02694
    13      16       196       180   55.3758        60  0.093781   1.01538
    14      16       213       197   56.2768        68   2.77724   1.04408
    15      16       230       214   57.0577        68  0.155277   1.03059
    16      16       248       232    57.991        72  0.385053  0.969707
    17      16       262       246   57.8733        56  0.096565  0.978419
    18      16       268       252   55.9913        24  0.094459  0.958832
    19      16       275       259   54.5179        28  0.238804   1.00013
2014-12-11 00:01:35.338311min lat: 0.092703 max lat: 6.11817 avg lat: 1.06156
   sec Cur ops   started  finished  avg MB/s  cur MB/s  last lat   avg lat
    20      16       292       276   55.1915        68  0.343563   1.06156
    21      16       310       294   55.9913        72  0.146585   1.06215
    22      16       333       317   57.6274        92   2.21969   1.06338
    23      16       350       334   58.0779        68  0.161544   1.04347
    24      16       362       346   57.6577        48  0.093572   1.03808
    25      16       371       355   56.7912        36  0.484643   1.04634
    26      16       381       365   56.1451        40  0.196231   1.02522
    27      16       381       365   54.0657         0         -   1.02522
    28      16       394       378   53.9917        26   5.41972   1.08171
    29      16       409       393   54.1986        60  0.102139   1.08566
    30      16       425       409    54.525        64   4.59249   1.10134
    31      16       443       427   55.0884        72  0.094682    1.1096
    32      16       459       443   55.3666        64  0.182036   1.10707
    33      16       464       448   54.2947        20  0.458301    1.0978
    34      16       464       448   52.6978         0         -    1.0978
    35      16       474       458   52.3349        20  0.097623   1.11109
    36      16       474       458   50.8812         0         -   1.11109
    37      16       485       469   50.6951        22  0.169707   1.16328
    38      16       497       481    50.624        48   0.29392   1.20658
    39      16       518       502   51.4794        84  0.094297   1.18991
2014-12-11 00:01:55.341257min lat: 0.092703 max lat: 7.28249 avg lat: 1.20221
   sec Cur ops   started  finished  avg MB/s  cur MB/s  last lat   avg lat
    40      16       531       515   51.4922        52   3.25893   1.20221
    41      16       550       534   52.0897        76  0.138245   1.18198
    42      16       566       550   52.3731        64   0.14219   1.15257
    43      16       575       559   51.9922        36  0.093939   1.15838
    44      16       580       564    51.265        20  0.092647   1.15056
    45      15       588       573   50.9257        36  0.093577   1.16477
    46      16       612       596   51.8183        92  0.133245   1.18263
    47      16       636       620    52.758        96  0.161225   1.18729
    48      16       647       631   52.5754        44  0.124313   1.18364
    49      16       658       642   52.4002        44  0.580581   1.18177
    50      16       679       663    53.032        84  0.094066   1.16613
    51      16       686       670   52.5411        28  0.093227   1.15494
    52      16       686       670   51.5307         0         -   1.15494
    53      15       694       679   51.2376        18  0.097505   1.16721
    54      16       720       704   52.1403       100  0.177962   1.18067
    55      16       728       712   51.7741        32  0.233407   1.19033
    56      16       751       735   52.4918        92   2.69267   1.20209
    57      16       774       758   53.1845        92  0.348229   1.18836
    58      16       795       779   53.7155        84  0.418927   1.17048
    59      16       802       786   53.2796        28  0.190567    1.1629
2014-12-11 00:02:15.344829min lat: 0.092647 max lat: 7.28249 avg lat: 1.1629
   sec Cur ops   started  finished  avg MB/s  cur MB/s  last lat   avg lat
    60      16       802       786   52.3916         0         -    1.1629
    61      16       803       787   51.5983         2    5.0886   1.16789
    62      16       803       787   50.7661         0         -   1.16789
    63      13       803       790   50.1507         6   5.68953   1.18569
 Total time run:         63.875261
Total writes made:      803
Write size:             4194304
Bandwidth (MB/sec):     50.286 

Stddev Bandwidth:       28.9552
Max bandwidth (MB/sec): 100
Min bandwidth (MB/sec): 0
Average Latency:        1.26616
Stddev Latency:         1.95002
Max latency:            7.86125
Min latency:            0.092647
