 Maintaining 16 concurrent writes of 4194304 bytes for up to 60 seconds or 0 objects
 Object prefix: benchmark_data_ceph-radosbench-1_1
   sec Cur ops   started  finished  avg MB/s  cur MB/s  last lat   avg lat
     0       0         0         0         0         0         -         0
     1      16        24         8   31.9894        32  0.957109  0.717893
     2      16        30        14   27.9933        24   1.56287   1.06146
     3      16        42        26     34.66        48   1.47103   1.42075
     4      16        48        32   31.9947        24   1.81228   1.52469
     5      16        54        38   30.3954        24  0.945518   1.54209
     6      16        62        46   30.6623        32  0.399394   1.63542
     7      16        70        54    30.853        32   2.88371   1.73056
     8      16        75        59    29.496        20    3.0846   1.78699
     9      16        84        68   30.2182        36   3.80881   1.84395
    10      16        92        76   30.3961        32   3.60424   1.83655
    11      16        93        77   27.9965         4  0.156625   1.81473
    12      16       101        85   28.3299        32   3.48899   1.93878
    13      16       106        90    27.689        20  0.665867   1.96479
    14      16       115        99   28.2824        36   3.97861   2.05238
    15      16       121       105   27.9968        24   1.82507   2.09227
    16      16       127       111   27.7469        24    3.7981   2.12919
    17      16       133       117   27.5263        24   1.21694   2.10502
    18      16       139       123   27.3301        24   3.65363   2.15054
    19      16       151       135   28.4177        48   1.62809   2.16622
2014-12-09 22:53:40.723957min lat: 0.156625 max lat: 5.05716 avg lat: 2.15265
   sec Cur ops   started  finished  avg MB/s  cur MB/s  last lat   avg lat
    20      16       157       141   28.1967        24    2.2007   2.15265
    21      16       163       147   27.9968        24   2.42464    2.1509
    22      16       169       153    27.815        24   2.45075   2.16523
    23      16       174       158   27.4751        20   2.71096   2.17197
    24      16       183       167   27.8302        36   2.27523   2.19322
    25      16       192       176   28.1568        36   1.17388   2.17667
    26      16       201       185   28.4584        36    2.1967   2.16048
    27      16       207       191   28.2932        24   1.25937   2.15409
    28      16       212       196   27.9969        20   2.59604    2.1475
    29      16       215       199   27.4453        12   3.35503   2.16388
    30      16       223       207    27.597        32   4.42019   2.19803
    31      16       235       219    28.255        48   3.72646    2.2213
    32      16       242       226   28.2469        28   0.41432   2.18947
    33      16       248       232   28.1182        24  0.413587   2.17142
    34      16       254       238    27.997        24  0.393273   2.16428
    35      16       257       241   27.5399        12   3.59336   2.18208
    36      16       263       247   27.4415        24   4.46044   2.19162
    37      16       270       254   27.4565        28  0.355257   2.19197
    38      16       277       261   27.4708        28  0.289076   2.22996
    39      16       283       267   27.3817        24   4.20249   2.23399
2014-12-09 22:54:00.725890min lat: 0.156625 max lat: 5.05716 avg lat: 2.23193
   sec Cur ops   started  finished  avg MB/s  cur MB/s  last lat   avg lat
    40      16       290       274   27.3971        28   1.10442   2.23193
    41      16       294       278   27.1191        16   4.06356   2.24892
    42      16       299       283   26.9495        20   1.12725   2.23472
    43      16       310       294   27.3459        44  0.224913   2.26434
    44      16       319       303   27.5425        36   2.39592   2.26981
    45      16       328       312   27.7304        36   1.03192   2.24977
    46      16       334       318   27.6492        24   1.06078   2.25076
    47      16       339       323   27.4864        20   3.19208   2.25488
    48      16       342       326   27.1638        12   1.96356   2.25213
    49      16       350       334   27.2624        32   3.27973   2.28147
    50      16       359       343   27.4371        36  0.597788   2.27405
    51      16       370       354   27.7618        44   2.00733   2.25994
    52      16       377       361   27.7663        28    2.6795   2.25104
    53      16       381       365   27.5443        16   3.42163   2.25782
    54      16       386       370   27.4045        20  0.793213    2.2406
    55      16       391       375   27.2699        20   1.15578    2.2516
    56      16       399       383   27.3543        32   1.33394   2.27637
    57      16       405       389   27.2954        24  0.734009   2.27645
    58      16       415       399   27.5144        40  0.399679   2.26119
    59      16       422       406   27.5226        28  0.728798   2.25181
2014-12-09 22:54:20.727858min lat: 0.156625 max lat: 5.49827 avg lat: 2.25831
   sec Cur ops   started  finished  avg MB/s  cur MB/s  last lat   avg lat
    60      16       426       410   27.3305        16  0.985937   2.25831
    61      15       427       412   27.0136         8   4.42093   2.26103
    62      15       427       412   26.5779         0         -   2.26103
    63      15       427       412    26.156         0         -   2.26103
 Total time run:         63.048791
Total writes made:      427
Write size:             4194304
Bandwidth (MB/sec):     27.090 

Stddev Bandwidth:       10.8993
Max bandwidth (MB/sec): 48
Min bandwidth (MB/sec): 0
Average Latency:        2.35688
Stddev Latency:         1.38195
Max latency:            6.60622
Min latency:            0.156625
