 Maintaining 16 concurrent writes of 4194304 bytes for up to 60 seconds or 0 objects
 Object prefix: benchmark_data_ceph-radosbench-1_1
   sec Cur ops   started  finished  avg MB/s  cur MB/s  last lat   avg lat
     0       0         0         0         0         0         -         0
     1      16        37        21   83.9577        84  0.489024  0.433126
     2      16        60        44   87.9704        92  0.219055  0.530143
     3      16        90        74   98.6398       120  0.195391   0.56624
     4      16       114        98   97.9766        96  0.939542  0.542875
     5      16       140       124   99.1772       104  0.066047  0.547124
     6      16       166       150   99.9778       104  0.121163  0.579395
     7      16       186       170   97.1221        80  0.129373  0.582487
     8      16       215       199   99.4797       116  0.278582   0.59286
     9      16       240       224   99.5359       100  0.067999   0.58616
    10      16       247       231   92.3823        28  0.096772  0.590231
    11      16       271       255     92.71        96  0.127457  0.634677
    12      16       301       285   94.9827       120  0.330524  0.653433
    13      16       330       314   96.5982       116  0.227409  0.638804
    14      16       354       338   96.5545        96   1.00916  0.637868
    15      16       385       369   98.3829       124  0.239567  0.631724
    16      16       413       397    99.233       112  0.164346  0.609564
    17      16       426       410   96.4541        52  0.068602  0.623555
    18      16       447       431   95.7616        84  0.121565  0.632709
    19      16       474       458   96.4049       108  0.290758  0.648817
2014-12-10 01:55:28.859789min lat: 0.065993 max lat: 3.48377 avg lat: 0.642943
   sec Cur ops   started  finished  avg MB/s  cur MB/s  last lat   avg lat
    20      16       505       489   97.7838       124  0.666075  0.642943
    21      16       534       518   98.6503       116  0.475271  0.637407
    22      16       559       543    98.711       100  0.966819  0.636735
    23      16       581       565   98.2448        88  0.138056  0.629879
    24      16       601       585   97.4842        80  0.440323  0.630138
    25      16       631       615   98.3842       120   0.36286   0.63839
    26      16       655       639    98.292        96  0.118074  0.637004
    27      16       684       668   98.9473       116   0.16327  0.634805
    28      16       716       700   99.9841       128  0.279997  0.629247
    29      16       750       734   101.225       136  0.259279  0.621584
    30      16       766       750   99.9843        64  0.411032  0.621307
    31      16       790       774   99.8554        96  0.168375  0.626166
    32      16       812       796   99.4845        88    1.2678  0.636154
    33      16       840       824   99.8632       112  0.345099  0.632437
    34      16       862       846   99.5139        88   1.09582  0.630651
    35      16       893       877   100.213       124  0.274007  0.625327
    36      16       908       892   99.0958        60  0.099217  0.631911
    37      16       932       916   99.0118        96  0.114669  0.634301
    38      16       969       953     100.3       148  0.149986   0.63218
    39      16      1001       985    101.01       128  0.563267  0.626425
2014-12-10 01:55:48.862604min lat: 0.065802 max lat: 3.98733 avg lat: 0.62324
   sec Cur ops   started  finished  avg MB/s  cur MB/s  last lat   avg lat
    40      16      1025      1009   100.885        96  0.588402   0.62324
    41      16      1042      1026   100.082        68  0.114398  0.629525
    42      16      1061      1045   99.5085        76  0.165837  0.634445
    43      16      1092      1076   100.078       124  0.884491  0.632241
    44      16      1123      1107   100.621       124  0.170333  0.628969
    45      16      1160      1144   101.673       148  0.387335  0.624819
    46      16      1186      1170   101.724       104  0.236265  0.620189
    47      16      1215      1199   102.027       116  0.136556  0.620635
    48      16      1242      1226   102.151       108  0.188041  0.620229
    49      16      1265      1249   101.944        92  0.143122  0.619783
    50      16      1273      1257   100.545        32  0.391749  0.617844
    51      16      1290      1274   99.9064        68  0.175255  0.622419
    52      16      1312      1296   99.6772        88  0.182915  0.632506
    53      16      1334      1318   99.4567        88   1.47243  0.636251
    54      16      1355      1339   99.1702        84  0.108652  0.637807
    55      16      1381      1365   99.2578       104  0.617028   0.63792
    56      16      1413      1397   99.7707       128  0.298946  0.634388
    57      16      1437      1421   99.7043        96  0.067788  0.631345
    58      16      1456      1440   99.2954        76  0.070949  0.631595
    59      16      1472      1456    98.697        64  0.102383  0.637008
2014-12-10 01:56:08.865481min lat: 0.065775 max lat: 3.98733 avg lat: 0.642008
   sec Cur ops   started  finished  avg MB/s  cur MB/s  last lat   avg lat
    60      16      1497      1481   98.7185       100   1.04026  0.642008
    61      13      1498      1485   97.3624        16   2.17065  0.642186
 Total time run:         61.452621
Total writes made:      1498
Write size:             4194304
Bandwidth (MB/sec):     97.506 

Stddev Bandwidth:       29.2277
Max bandwidth (MB/sec): 148
Min bandwidth (MB/sec): 0
Average Latency:        0.654327
Stddev Latency:         0.680051
Max latency:            3.98733
Min latency:            0.065775
