 Maintaining 16 concurrent writes of 4194304 bytes for up to 60 seconds or 0 objects
 Object prefix: benchmark_data_ceph-radosbench-1_1
   sec Cur ops   started  finished  avg MB/s  cur MB/s  last lat   avg lat
     0       0         0         0         0         0         -         0
     1      16        36        20   79.9719        80  0.603961  0.526155
     2      16        58        42   83.9758        88   1.02192   0.60954
     3      16        77        61   81.3121        76   1.10603  0.697996
     4      16        93        77   76.9815        64   1.17719  0.728302
     5      16       110        94   75.1824        68  0.181343  0.726582
     6      16       123       107   71.3173        52  0.226209  0.715265
     7      16       139       123     70.27        64  0.765442  0.789925
     8      16       155       139   69.4847        64  0.515726  0.850457
     9      16       177       161   71.5404        88  0.689588  0.855366
    10      16       192       176   70.3851        60  0.363869  0.841095
    11      16       207       191   69.4391        60  0.209868  0.853372
    12      16       227       211   70.3178        80   1.68506   0.87229
    13      16       242       226   69.5231        60   1.09907  0.878044
    14      16       261       245   69.9849        76  0.528786  0.875023
    15      16       281       265   70.6514        80  0.409996  0.874768
    16      16       298       282   70.4849        68  0.384031  0.873009
    17      16       316       300   70.5731        72  0.639402  0.873637
    18      16       334       318   70.6514        72  0.816859  0.873385
    19      16       344       328   69.0378        40  0.184697  0.881705
2015-02-01 02:29:02.719927min lat: 0.114031 max lat: 3.26029 avg lat: 0.901864
   sec Cur ops   started  finished  avg MB/s  cur MB/s  last lat   avg lat
    20      16       364       348   69.5851        80  0.807887  0.901864
    21      16       380       364   69.3184        64  0.621535  0.899146
    22      16       396       380   69.0762        64    1.5619   0.90478
    23      16       419       403    70.072        92  0.352847  0.896696
    24      16       439       423    70.485        80  0.987287  0.890227
    25      16       453       437   69.9052        56  0.559678  0.891867
    26      16       462       446   68.6009        36  0.343858  0.900298
    27      16       484       468   69.3188        88  0.423063  0.907266
    28      16       500       484   69.1283        64   1.06779  0.908144
    29      16       525       509   70.1922       100  0.508226  0.900767
    30      16       547       531   70.7852        88  0.553906  0.892511
    31      16       559       543   70.0498        48  0.617278  0.892538
    32      16       575       559   69.8603        64  0.772691  0.901096
    33      16       595       579   70.1671        80   1.15163  0.901168
    34      16       610       594   69.8677        60  0.622842  0.898938
    35      16       625       609   69.5854        60   1.00137  0.904001
    36      16       647       631   70.0964        88  0.614422  0.904096
    37      16       665       649   70.1474        72  0.390014   0.89906
    38      16       673       657   69.1434        32   0.61389  0.898653
    39      16       687       671   68.8061        56  0.276465  0.907428
2015-02-01 02:29:22.724023min lat: 0.114031 max lat: 3.26029 avg lat: 0.914575
   sec Cur ops   started  finished  avg MB/s  cur MB/s  last lat   avg lat
    40      16       703       687   68.6856        64  0.276221  0.914575
    41      16       719       703    68.571        64  0.233647  0.921344
    42      16       741       725   69.0331        88  0.805337  0.916267
    43      16       759       743   69.1018        72   0.10806  0.908977
    44      16       775       759   68.9855        64  0.473939  0.902059
    45      16       782       766   68.0746        28   1.00767  0.898679
    46      16       792       776   67.4641        40    3.7267  0.915353
    47      16       810       794   67.5603        72  0.171767  0.926962
    48      16       826       810   67.4859        64  0.324212  0.933434
    49      16       849       833   67.9857        92   0.50769   0.93035
    50      16       869       853   68.2257        80  0.703745  0.928139
    51      16       883       867   67.9858        56  0.525428   0.92901
    52      16       887       871    66.986        16   1.43663  0.927555
    53      16       902       886   66.8539        60  0.222004  0.933813
    54      16       928       912   67.5414       104  0.926358  0.940717
    55      16       948       932   67.7676        80   1.48192  0.936846
    56      16       962       946   67.5572        56  0.398117  0.936061
    57      16       979       963   67.5648        68  0.539071  0.938131
    58      16       996       980    67.572        68  0.215438  0.935402
    59      16      1012       996   67.5113        64   1.21143  0.937307
2015-02-01 02:29:42.728229min lat: 0.10806 max lat: 4.02083 avg lat: 0.939239
   sec Cur ops   started  finished  avg MB/s  cur MB/s  last lat   avg lat
    60      16      1021      1005   66.9859        36   0.24635  0.939239
 Total time run:         60.545956
Total writes made:      1021
Write size:             4194304
Bandwidth (MB/sec):     67.453 

Stddev Bandwidth:       19.4128
Max bandwidth (MB/sec): 104
Min bandwidth (MB/sec): 0
Average Latency:        0.946903
Stddev Latency:         0.646547
Max latency:            4.02083
Min latency:            0.10806
