 Maintaining 16 concurrent writes of 4194304 bytes for up to 60 seconds or 0 objects
 Object prefix: benchmark_data_ceph-radosbench-1_1
   sec Cur ops   started  finished  avg MB/s  cur MB/s  last lat   avg lat
     0       0         0         0         0         0         -         0
     1      16        36        20   79.9732        80  0.978225  0.497011
     2      16        65        49   97.9764       116  0.548429  0.536888
     3      16        92        76   101.311       108  0.238945  0.541877
     4      16       120       104   103.979       112  0.371252  0.564823
     5      16       152       136   108.778       128    1.3763  0.553375
     6      16       176       160   106.646        96   1.10151  0.558021
     7      16       204       188   107.408       112  0.639107  0.561291
     8      16       232       216    107.98       112  0.771507   0.55585
     9      16       259       243    107.98       108  0.485914  0.555941
    10      16       290       274    109.58       124  0.352565  0.566965
    11      16       319       303   110.162       116     1.035  0.566216
    12      16       345       329   109.647       104  0.243559  0.560348
    13      16       376       360    110.75       124  0.378541  0.563995
    14      16       401       385   109.981       100  0.374458  0.561398
    15      16       428       412   109.848       108   0.36039    0.5665
    16      16       459       443   110.731       124   0.36723  0.569704
    17      16       485       469   110.335       104  0.653604   0.56809
    18      16       513       497   110.426       112  0.329477  0.566151
    19      16       539       523   110.087       104  0.431899   0.56853
2014-12-11 02:20:27.001256min lat: 0.185544 max lat: 2.61571 avg lat: 0.568755
   sec Cur ops   started  finished  avg MB/s  cur MB/s  last lat   avg lat
    20      16       567       551   110.182       112  0.341728  0.568755
    21      16       596       580   110.458       116  0.550387  0.571717
    22      16       624       608   110.527       112  0.396591  0.569134
    23      16       651       635   110.417       108  0.411361  0.569656
    24      16       683       667   111.149       128  0.555007  0.568013
    25      16       707       691   110.542        96   0.25777  0.570001
    26      15       734       719   110.598       112  0.373597   0.56847
    27      16       764       748   110.797       116  0.356675  0.566698
    28      16       788       772   110.268        96  0.690104  0.571576
    29      16       821       805   111.017       132  0.599672   0.57067
    30      16       848       832   110.916       108  0.232707  0.567713
    31      16       876       860    110.95       112  0.549929  0.564308
    32      16       902       886   110.732       104    0.1317  0.562251
    33      16       933       917   111.134       124  0.338644  0.560412
    34      16       961       945   111.159       112  0.188134  0.555203
    35      16       990       974   111.297       116   3.53178  0.552681
    36      16      1017      1001   111.205       108  0.156075  0.554556
    37      16      1041      1025   110.793        96  0.107619  0.549796
    38      16      1073      1057   111.246       128   2.29704    0.5701
    39      16      1100      1084   111.162       108  0.422939  0.570015
2014-12-11 02:20:47.004243min lat: 0.097391 max lat: 4.69564 avg lat: 0.569
   sec Cur ops   started  finished  avg MB/s  cur MB/s  last lat   avg lat
    40      16      1129      1113   111.282       116  0.426272     0.569
    41      16      1155      1139   111.104       104    0.3898  0.567958
    42      16      1186      1170   111.411       124  0.257377  0.570214
    43      16      1205      1189   110.587        76  0.399895  0.570158
    44      16      1236      1220   110.892       124   0.56539  0.572611
    45      16      1267      1251   111.183       124  0.364763  0.571848
    46      16      1291      1275   110.852        96  0.439824  0.572895
    47      16      1319      1303   110.876       112  0.268836  0.572265
    48      16      1347      1331   110.899       112  0.305041  0.570604
    49      16      1374      1358    110.84       108  0.849376  0.572362
    50      16      1404      1388   111.023       120  0.392186  0.571605
    51      16      1433      1417    111.12       116   0.92917  0.571809
    52      16      1460      1444    111.06       108  0.351507  0.571471
    53      16      1490      1474   111.228       120  0.409672  0.570104
    54      16      1518      1502   111.242       112  0.325797  0.570076
    55      16      1542      1526   110.965        96  0.667651  0.570723
    56      16      1573      1557   111.197       124  0.224775  0.569935
    57      16      1601      1585   111.211       112   2.18339  0.568836
    58      16      1632      1616   111.431       124  0.243178   0.56845
    59      16      1658      1642   111.305       104  0.333534  0.568026
2014-12-11 02:21:07.007139min lat: 0.096382 max lat: 4.69564 avg lat: 0.570173
   sec Cur ops   started  finished  avg MB/s  cur MB/s  last lat   avg lat
    60      16      1683      1667   111.116       100  0.198524  0.570173
 Total time run:         60.904227
Total writes made:      1684
Write size:             4194304
Bandwidth (MB/sec):     110.600 

Stddev Bandwidth:       18.0181
Max bandwidth (MB/sec): 132
Min bandwidth (MB/sec): 0
Average Latency:        0.575337
Stddev Latency:         0.509806
Max latency:            4.69564
Min latency:            0.096382
