 Maintaining 16 concurrent writes of 4194304 bytes for up to 60 seconds or 0 objects
 Object prefix: benchmark_data_ceph-radosbench-1_1
   sec Cur ops   started  finished  avg MB/s  cur MB/s  last lat   avg lat
     0       0         0         0         0         0         -         0
     1      16        25         9   35.9835        36  0.096495  0.252602
     2      16        41        25   49.9836        64  0.177597  0.342504
     3      16        43        27     35.99         8  0.179889  0.327999
     4      16        57        41     40.99        56  0.395304   1.01992
     5      16        85        69   55.1874       112  0.387808   1.09497
     6      16       110        94    62.653       100  0.917537  0.946816
     7      16       134       118   67.4144        96  0.229051  0.875857
     8      16       159       143   71.4857       100  0.261111   0.83065
     9      16       185       169   75.0964       104  0.305329  0.807213
    10      16       202       186   74.3856        68   0.65727  0.797419
    11      16       224       208   75.6222        88  0.240213  0.800307
    12      16       254       238   79.3187       120  0.340291  0.783241
    13      16       271       255   78.4471        68  0.364671  0.782493
    14      16       304       288   82.2709       132   0.91271  0.766019
    15      16       327       311   82.9184        92  0.565881  0.751774
    16      16       349       333   83.2352        88   1.08475  0.747896
    17      16       370       354   83.2794        84  0.314999  0.742274
    18      16       392       376    83.541        88   1.28704  0.741984
    19      16       416       400   84.1959        96  0.239801  0.739193
2015-02-01 02:52:12.593520min lat: 0.096495 max lat: 4.17454 avg lat: 0.730796
   sec Cur ops   started  finished  avg MB/s  cur MB/s  last lat   avg lat
    20      16       442       426   85.1852       104  0.167642  0.730796
    21      16       469       453   86.2707       108  0.425566  0.728197
    22      16       490       474   86.1669        84  0.721748  0.724551
    23      16       516       500   86.9415       104  0.419175  0.725808
    24      16       540       524   87.3184        96  0.305684  0.719319
    25      16       564       548    87.665        96  0.223309  0.715256
    26      16       595       579   89.0617       124   0.31466   0.71054
    27      16       620       604   89.4663       100  0.328583  0.702239
    28      16       639       623   88.9845        76   0.29768  0.701947
    29      16       663       647   89.2258        96  0.598085  0.706333
    30      16       692       676   90.1175       116  0.317188  0.701091
    31      16       720       704   90.8227       112  0.583335  0.696735
    32      16       751       735   91.8587       124  0.629162  0.692353
    33      16       770       754   91.3776        76  0.469025  0.689011
    34      16       783       767    90.219        52  0.625954  0.689413
    35      16       817       801   91.5259       136   1.56075   0.69369
    36      16       841       825   91.6498        96   0.94074  0.688525
    37      16       873       857    92.631       128  0.516734  0.685416
    38      16       894       878   92.4035        84    0.2316  0.681076
    39      16       921       905    92.803       108   0.99665  0.684497
2015-02-01 02:52:32.597649min lat: 0.096495 max lat: 4.17454 avg lat: 0.683859
   sec Cur ops   started  finished  avg MB/s  cur MB/s  last lat   avg lat
    40      16       944       928   92.7824        92   1.42575  0.683859
    41      16       960       944     92.08        64  0.397991  0.681849
    42      16       981       965   91.8872        84  0.211206  0.687761
    43      16      1013       997   92.7265       128  0.425201  0.683962
    44      16      1037      1021   92.8006        96  0.499826  0.682359
    45      16      1065      1049   93.2267       112  0.332123  0.681762
    46      16      1088      1072   93.1997        92  0.161493  0.680547
    47      16      1116      1100   93.5992       112  0.491281  0.679893
    48      16      1139      1123   93.5654        92  0.304724   0.67611
    49      16      1165      1149   93.7779       104  0.260976  0.675963
    50      16      1193      1177    94.142       112  0.253815   0.67155
    51      16      1222      1206   94.5702       116  0.556304  0.672021
    52      16      1243      1227   94.3666        84  0.254155  0.670329
    53      16      1268      1252   94.4725       100  0.511783  0.671793
    54      16      1288      1272   94.2042        80  0.274644  0.671852
    55      16      1318      1302   94.6729       120  0.284179  0.670792
    56      16      1342      1326   94.6962        96  0.720408  0.671037
    57      16      1370      1354   94.9995       112  0.317233  0.669898
    58      16      1395      1379   95.0853       100   1.04866   0.66973
    59      16      1416      1400   94.8973        84  0.908908  0.669648
2015-02-01 02:52:52.601407min lat: 0.096495 max lat: 4.17454 avg lat: 0.669512
   sec Cur ops   started  finished  avg MB/s  cur MB/s  last lat   avg lat
    60      16      1441      1425    94.982       100  0.690751  0.669512
    61       6      1442      1436    94.146        44   1.22813  0.669811
 Total time run:         61.402184
Total writes made:      1442
Write size:             4194304
Bandwidth (MB/sec):     93.938 

Stddev Bandwidth:       26.4061
Max bandwidth (MB/sec): 136
Min bandwidth (MB/sec): 0
Average Latency:        0.67442
Stddev Latency:         0.502078
Max latency:            4.17454
Min latency:            0.096495
