 Maintaining 16 concurrent writes of 4194304 bytes for up to 60 seconds or 0 objects
 Object prefix: benchmark_data_ceph-radosbench-1_1
   sec Cur ops   started  finished  avg MB/s  cur MB/s  last lat   avg lat
     0       0         0         0         0         0         -         0
     1      16        37        21   83.9721        84  0.543678  0.519799
     2      16        64        48    95.977       108  0.177149  0.517214
     3      16        92        76   101.313       112  0.386761  0.538473
     4      16       116       100    99.981        96  0.976635  0.575309
     5      16       140       124   99.1817        96  0.460523  0.559118
     6      16       174       158   105.314       136  0.913588  0.580502
     7      16       204       188   107.409       120  0.157521   0.56702
     8      16       231       215    107.48       108  0.951542  0.558816
     9      16       257       241   107.092       104  0.477045  0.560033
    10      16       281       265   105.981        96  0.309897  0.565295
    11      16       308       292   106.163       108  0.119603  0.566641
    12      16       332       316   105.315        96   1.95487  0.577288
    13      16       360       344   105.828       112  0.611205  0.592726
    14      16       386       370   105.696       104  0.571421   0.58554
    15      16       408       392   104.515        88  0.598483  0.588147
    16      16       441       425   106.232       132  0.535891  0.591683
    17      16       466       450   105.865       100  0.983798  0.591155
    18      16       486       470   104.427        80  0.545272  0.592757
    19      16       502       486   102.299        64  0.310583  0.590954
2014-12-10 20:45:09.338797min lat: 0.094148 max lat: 2.93064 avg lat: 0.605365
   sec Cur ops   started  finished  avg MB/s  cur MB/s  last lat   avg lat
    20      16       526       510   101.983        96   2.20021  0.605365
    21      16       553       537   102.269       108  0.510461  0.616861
    22      16       576       560   101.781        92    1.1178  0.615635
    23      16       608       592   102.919       128  0.116005  0.611237
    24      16       622       606   100.965        56  0.454497   0.61413
    25      16       651       635   101.565       116   0.86054  0.617395
    26      16       675       659    101.35        96  0.750325  0.617546
    27      16       693       677   100.263        72   1.14537  0.613027
    28      16       712       696   99.3958        76  0.169066  0.607653
    29      16       732       716   98.7268        80  0.279765  0.624442
    30      16       763       747   99.5685       124  0.173137  0.635856
    31      16       793       777   100.227       120  0.586743  0.631361
    32      16       819       803   100.344       104  0.693476  0.630049
    33      16       845       829   100.455       104   0.29932  0.627583
    34      16       870       854   100.441       100  0.886122  0.627111
    35      16       889       873   99.7423        76  0.654434  0.626066
    36      16       917       901   100.082       112  0.291728  0.630246
    37      16       941       925   99.9715        96  0.342466  0.630682
    38      16       970       954   100.393       116   0.35771  0.630613
    39      16      1003       987   101.203       132  0.689219  0.628306
2014-12-10 20:45:29.346542min lat: 0.094148 max lat: 3.59975 avg lat: 0.626038
   sec Cur ops   started  finished  avg MB/s  cur MB/s  last lat   avg lat
    40      16      1030      1014   101.372       108  0.489501  0.626038
    41      16      1048      1032   100.655        72  0.111508  0.625588
    42      15      1069      1054   100.354        88  0.134248  0.625489
    43      16      1097      1081   100.531       108   1.60315  0.630797
    44      16      1128      1112   101.064       124  0.241416  0.628717
    45      16      1155      1139   101.218       108  0.557353  0.626998
    46      16      1184      1168   101.539       116  0.493609  0.626194
    47      16      1206      1190    101.25        88  0.135223  0.623779
    48      16      1225      1209   100.724        76   0.88633  0.626303
    49      16      1248      1232   100.546        92   0.61026  0.627723
    50      16      1278      1262   100.935       120  0.830133  0.629941
    51      16      1300      1284   100.681        88   0.22667  0.628911
    52      16      1331      1315   101.129       124  0.357375  0.628104
    53      16      1362      1346    101.56       124  0.480439  0.627098
    54      16      1377      1361    100.79        60  0.113837  0.625885
    55      16      1401      1385   100.703        96  0.300951  0.628033
    56      16      1411      1395   99.6188        40  0.277488  0.625818
    57      16      1420      1404   98.5027        36   1.59441  0.629699
    58      16      1447      1431   98.6662       108  0.386541  0.644129
    59      16      1478      1462   99.0952       124   0.41082  0.642509
2014-12-10 20:45:49.349682min lat: 0.094005 max lat: 3.76255 avg lat: 0.641627
   sec Cur ops   started  finished  avg MB/s  cur MB/s  last lat   avg lat
    60      16      1502      1486   99.0433        96   1.33076  0.641627
 Total time run:         60.805593
Total writes made:      1502
Write size:             4194304
Bandwidth (MB/sec):     98.807 

Stddev Bandwidth:       24.9376
Max bandwidth (MB/sec): 136
Min bandwidth (MB/sec): 0
Average Latency:        0.64741
Stddev Latency:         0.543076
Max latency:            3.76255
Min latency:            0.094005
