 Maintaining 16 concurrent writes of 4194304 bytes for up to 60 seconds or 0 objects
 Object prefix: benchmark_data_ceph-radosbench-1_1
   sec Cur ops   started  finished  avg MB/s  cur MB/s  last lat   avg lat
     0       0         0         0         0         0         -         0
     1      16        41        25   99.9613       100   0.64537  0.471562
     2      16        62        46   91.9756        84  0.808422  0.548873
     3      16        86        70   93.3126        96  0.597649  0.587452
     4      16       114        98     97.98       112  0.416708   0.59283
     5      16       127       111   88.7831        52  0.270813  0.588683
     6      16       143       127   84.6515        64  0.167722  0.652245
     7      16       163       147   83.9854        80  0.176851   0.69419
     8      16       185       169   84.4859        88  0.114837  0.694735
     9      16       207       191   84.8751        88  0.282129  0.713507
    10      16       230       214   85.5865        92   1.02118   0.71853
    11      16       257       241   87.6227       108  0.249617  0.702421
    12      16       274       258   85.9868        68  0.317779  0.697254
    13      16       285       269   82.7568        44  0.241137   0.72762
    14      16       298       282   80.5594        52   2.32633  0.754103
    15      16       321       305   81.3213        92  0.780696  0.766328
    16      16       350       334   83.4879       116  0.431772  0.748638
    17      16       374       358   84.2232        96  0.569494  0.743531
    18      16       401       385   85.5433       108  0.507082  0.732371
    19      16       420       404   85.0405        76  0.379612  0.729919
2014-12-10 23:53:14.510091min lat: 0.095128 max lat: 2.32633 avg lat: 0.722795
   sec Cur ops   started  finished  avg MB/s  cur MB/s  last lat   avg lat
    20      16       429       413   82.5884        36  0.270921  0.722795
    21      16       442       426   81.1315        52  0.355807  0.749039
    22      16       458       442   80.3524        64  0.417285  0.776741
    23      16       489       473   82.2493       124   0.43886  0.766123
    24      16       515       499    83.155       104   1.01358  0.759951
    25      16       534       518   82.8685        76  0.341002  0.756484
    26      16       557       541   83.2193        92  0.269605  0.748527
    27      16       575       559   82.8034        72  0.499224  0.757326
    28      16       586       570   81.4175        44     1.322  0.766737
    29      16       600       584   80.5407        56  0.095157  0.764744
    30      16       617       601   80.1225        68   2.41339  0.778219
    31      16       640       624   80.5052        92  0.744111  0.782975
    32      16       661       645    80.614        84  0.148587  0.778559
    33      16       681       665    80.595        80   1.78663  0.777073
    34      16       698       682   80.2243        68  0.440528  0.783329
    35      16       720       704   80.4461        88   1.03327  0.784935
    36      16       732       716   79.5446        48  0.198368  0.780354
    37      16       744       728   78.6918        48  0.104053  0.788875
    38      16       765       749   78.8312        84   1.95701  0.803645
    39      16       784       768   78.7583        76  0.210795  0.797999
2014-12-10 23:53:34.512814min lat: 0.094091 max lat: 2.80423 avg lat: 0.799644
   sec Cur ops   started  finished  avg MB/s  cur MB/s  last lat   avg lat
    40      16       793       777   77.6892        36    2.2161  0.799644
    41      16       813       797   77.7453        80  0.158002  0.812026
    42      16       839       823   78.3701       104   0.15722  0.806217
    43      16       856       840   78.1286        68  0.120257  0.804031
    44      16       870       854   77.6255        56   1.34341  0.810049
    45      16       884       868   77.1448        56  0.194278  0.817394
    46      16       900       884    76.859        64  0.546571  0.809203
    47      16       917       901   76.6703        68  0.161873  0.809152
    48      16       943       927   77.2393       104  0.199605  0.818881
    49      16       964       948    77.377        84  0.236681  0.812951
    50      16       986       970   77.5892        88  0.094551  0.814534
    51      16       998       982   77.0089        48  0.177766  0.820042
    52      16      1021      1005   77.2969        92  0.635342  0.822413
    53      16      1040      1024   77.2723        76   1.08824  0.821913
    54      16      1060      1044   77.3226        80  0.302938  0.815667
    55      16      1081      1065   77.4438        84   1.04241  0.818498
    56      16      1103      1087    77.632        88  0.224905  0.813728
    57      16      1122      1106   77.6032        76  0.298195  0.814567
    58      16      1132      1116   76.9548        40  0.707382  0.818243
    59      16      1160      1144   77.5484       112  0.272579  0.821145
2014-12-10 23:53:54.515711min lat: 0.094091 max lat: 3.35189 avg lat: 0.815991
   sec Cur ops   started  finished  avg MB/s  cur MB/s  last lat   avg lat
    60      16      1175      1159   77.2558        60  0.234333  0.815991
    61      15      1176      1161   76.1204         8  0.441507  0.815352
 Total time run:         61.382567
Total writes made:      1176
Write size:             4194304
Bandwidth (MB/sec):     76.634 

Stddev Bandwidth:       24.9029
Max bandwidth (MB/sec): 124
Min bandwidth (MB/sec): 0
Average Latency:        0.832392
Stddev Latency:         0.632566
Max latency:            3.35189
Min latency:            0.094091
