 Maintaining 16 concurrent writes of 4194304 bytes for up to 60 seconds or 0 objects
 Object prefix: benchmark_data_ceph-radosbench-1_1
   sec Cur ops   started  finished  avg MB/s  cur MB/s  last lat   avg lat
     0       0         0         0         0         0         -         0
     1      16        31        15   59.9787        60  0.097029   0.22444
     2      16        55        39   77.9798        96  0.098192  0.365958
     3      16        59        43   57.3206        16  0.095613  0.341594
     4      16        82        66   65.9875        92  0.656355  0.745868
     5      16       110        94    75.187       112  0.164228  0.679829
     6      16       138       122   81.3198       112  0.797272  0.665107
     7      16       165       149   85.1276       108  0.319978   0.63851
     8      16       191       175   87.4844       104  0.664829  0.656582
     9      16       222       206   91.5394       124  0.617745  0.628748
    10      16       250       234   93.5837       112   3.89275  0.618438
    11      16       276       260   94.5293       104  0.187118  0.608551
    12      16       304       288   95.9841       112  0.234039  0.619274
    13      16       334       318   97.8301       120  0.976543  0.622613
    14      16       359       343   97.9841       100  0.178471  0.631802
    15      16       388       372   99.1839       116  0.430845  0.628321
    16      16       417       401   100.234       116  0.507486    0.6251
    17      16       442       426   100.219       100  0.366233  0.622106
    18      16       474       458   101.762       128  0.213816  0.610499
    19      16       502       486     102.3       112    0.4723   0.60421
2014-12-11 01:01:24.768235min lat: 0.093911 max lat: 4.84801 avg lat: 0.597823
   sec Cur ops   started  finished  avg MB/s  cur MB/s  last lat   avg lat
    20      16       524       508   101.584        88  0.215515  0.597823
    21      16       556       540   102.841       128  0.384893  0.608785
    22      16       582       566   102.893       104  0.363972  0.603617
    23      16       608       592    102.94       104  0.248176  0.605816
    24      16       639       623   103.817       124  0.482326  0.605479
    25      16       666       650   103.984       108  0.237253  0.605091
    26      16       694       678   104.291       112  0.389287   0.60354
    27      16       723       707   104.724       116  0.419098  0.602101
    28      16       755       739   105.555       128  0.358949  0.601211
    29      16       781       765   105.501       104   0.68972  0.597282
    30      16       805       789   105.184        96  0.422825   0.59569
    31      16       827       811   104.629        88   1.03703  0.588208
    32      16       861       845   105.609       136  0.347719  0.589794
    33      16       889       873   105.802       112  0.183298  0.595686
    34      16       917       901   105.984       112  0.752238  0.596902
    35      16       948       932   106.498       124   0.68956  0.596971
    36      16       970       954   105.984        88  0.449006  0.594387
    37      16       993       977   105.605        92  0.614484  0.597962
    38      16      1016      1000   105.247        92  0.247506  0.596077
    39      16      1046      1030   105.625       120  0.162792  0.587861
2014-12-11 01:01:44.771204min lat: 0.093911 max lat: 4.84801 avg lat: 0.595768
   sec Cur ops   started  finished  avg MB/s  cur MB/s  last lat   avg lat
    40      16      1075      1059   105.884       116   1.11173  0.595768
    41      16      1110      1094   106.715       140  0.256772  0.595931
    42      16      1138      1122   106.841       112  0.570636   0.59312
    43      16      1163      1147   106.681       100  0.311085  0.592708
    44      16      1194      1178   107.075       124  0.451969  0.591739
    45      16      1218      1202   106.828        96  0.159663   0.58982
    46      16      1236      1220   106.071        72   0.09619  0.588572
    47      16      1268      1252   106.537       128  0.437365  0.591278
    48      16      1301      1285   107.067       132  0.153322  0.594388
    49      16      1329      1313   107.167       112  0.981919  0.592556
    50      16      1358      1342   107.344       116  0.587286  0.590237
    51      16      1387      1371   107.513       116  0.355097  0.588997
    52      16      1402      1386   106.599        60  0.112384  0.591354
    53      16      1438      1422   107.305       144  0.443176  0.593182
    54      16      1467      1451   107.465       116  0.746829  0.592506
    55      16      1495      1479   107.547       112  0.467581  0.591905
    56      16      1523      1507   107.627       112  0.689209  0.591781
    57      15      1550      1535   107.703       112  0.775337  0.590214
    58      16      1578      1562   107.708       108  0.321982  0.589473
    59      16      1606      1590    107.78       112  0.391051  0.589844
2014-12-11 01:02:04.774043min lat: 0.093911 max lat: 4.84801 avg lat: 0.587243
   sec Cur ops   started  finished  avg MB/s  cur MB/s  last lat   avg lat
    60      16      1631      1615   107.651       100  0.224834  0.587243
 Total time run:         60.847435
Total writes made:      1632
Write size:             4194304
Bandwidth (MB/sec):     107.285 

Stddev Bandwidth:       24.4143
Max bandwidth (MB/sec): 144
Min bandwidth (MB/sec): 0
Average Latency:        0.596045
Stddev Latency:         0.627205
Max latency:            4.84801
Min latency:            0.093911
