 Maintaining 16 concurrent writes of 4194304 bytes for up to 60 seconds or 0 objects
 Object prefix: benchmark_data_ceph-radosbench-1_1
   sec Cur ops   started  finished  avg MB/s  cur MB/s  last lat   avg lat
     0       0         0         0         0         0         -         0
     1      16        17         1   3.99872         4  0.918108  0.918108
     2      16        32        16   31.9932        60   1.96044   1.48869
     3      16        44        28   37.3264        48   1.30991   1.38317
     4      16        53        37   36.9936        36   1.32727   1.38589
     5      16        65        49   39.1938        48   1.33188   1.39517
     6      16        77        61   40.6606        48    1.3703   1.40624
     7      16        77        61   34.8523         0         -   1.40624
     8      16        77        61   30.4959         0         -   1.40624
     9      16        80        64   28.4407         4    3.4622   1.50628
    10      16        89        73   29.1963        36   4.20212   1.85908
    11      16       101        85   30.9053        48   1.17041   1.94007
    12      16       113        97   32.3294        48   1.31137   1.86894
    13      16       122       106   32.6113        36   1.37456   1.83203
    14      16       134       118   33.7101        48   1.36709   1.79353
    15      16       143       127   33.8625        36   1.36713   1.76696
    16      16       143       127   31.7462         0         -   1.76696
    17      16       143       127   29.8788         0         -   1.76696
    18      16       143       127   28.2189         0         -   1.76696
    19      16       155       139   29.2597        12   4.54543    2.0185
2014-12-10 23:43:28.278049min lat: 0.918108 max lat: 4.89025 avg lat: 2.04146
   sec Cur ops   started  finished  avg MB/s  cur MB/s  last lat   avg lat
    20      16       167       151   30.1965        48   1.18332   2.04146
    21      16       179       163    31.044        48   1.34214   1.99392
    22      16       191       175   31.8145        48   1.23702   1.94997
    23      16       203       187    32.518        48   1.36044   1.91357
    24      16       209       193    32.163        24   1.37085   1.89933
    25      16       209       193   30.8765         0         -   1.89933
    26      16       212       196   30.1505         6   2.97117   1.91705
    27      16       212       196   29.0338         0         -   1.91705
    28      16       218       202    28.854        12    4.9807   2.00823
    29      16       230       214    29.514        48   1.28314    2.1169
    30      16       242       226     30.13        48   1.35287   2.07301
    31      16       254       238   30.7063        48   1.35323   2.04141
    32      16       263       247   30.8716        36   1.33018     2.019
    33      16       275       259   31.3905        48   1.34499    1.9918
    34      16       278       262   30.8202        12   1.35118   1.98535
    35      16       278       262   29.9396         0         -   1.98535
    36      16       280       264   29.3301         4   3.99677   2.00151
    37      16       284       268   28.9698        16   4.63669   2.03945
    38      16       296       280   29.4705        48   1.77895   2.12849
    39      16       308       292   29.9455        48   1.35739   2.09685
2014-12-10 23:43:48.280046min lat: 0.918108 max lat: 5.23429 avg lat: 2.0699
   sec Cur ops   started  finished  avg MB/s  cur MB/s  last lat   avg lat
    40      16       320       304   30.3967        48   1.33553    2.0699
    41      16       332       316   30.8259        48   1.32054   2.04506
    42      16       341       325    30.949        36   1.33659   2.02703
    43      16       344       328   30.5083        12   1.35854    2.0216
    44      16       347       331   30.0877        12   2.15925   2.02353
    45      16       347       331   29.4191         0         -   2.02353
    46      16       350       334   29.0404         6   4.60335   2.04738
    47      16       362       346   29.4437        48   3.77999     2.138
    48      16       374       358   29.8302        48   1.27561   2.11794
    49      16       383       367    29.956        36   1.32982    2.1009
    50      16       395       379   30.3168        48   1.37281   2.07974
    51      16       404       388   30.4281        36   1.45174   2.06663
    52      16       413       397   30.5352        36    1.3869   2.05396
    53      16       413       397    29.959         0         -   2.05396
    54      16       416       400   29.6264         6   2.65239   2.05906
    55      16       416       400   29.0877         0         -   2.05906
    56      16       422       406   28.9969        12   4.88742   2.09983
    57      16       434       418   29.3301        48   1.38526    2.1523
    58      16       443       427   29.4451        36   1.62618   2.14094
    59      16       455       439   29.7595        48    1.3139   2.12767
2014-12-10 23:44:08.282197min lat: 0.918108 max lat: 5.23429 avg lat: 2.11339
   sec Cur ops   started  finished  avg MB/s  cur MB/s  last lat   avg lat
    60      16       464       448   29.8634        36   1.33593   2.11339
    61       5       465       460   30.1607        48   1.32191   2.09555
    62       2       465       463   29.8677        12    1.3339   2.09118
 Total time run:         62.280292
Total writes made:      465
Write size:             4194304
Bandwidth (MB/sec):     29.865 

Stddev Bandwidth:       20.4261
Max bandwidth (MB/sec): 60
Min bandwidth (MB/sec): 0
Average Latency:        2.09241
Stddev Latency:         1.28953
Max latency:            5.23429
Min latency:            0.918108
