 Maintaining 16 concurrent writes of 4194304 bytes for up to 60 seconds or 0 objects
 Object prefix: benchmark_data_ceph-radosbench-1_1
   sec Cur ops   started  finished  avg MB/s  cur MB/s  last lat   avg lat
     0       0         0         0         0         0         -         0
     1      16        39        23   91.9749        92  0.602928  0.446274
     2      16        65        49   97.9782       104  0.281006  0.487253
     3      16        96        80   106.645       124  0.292072  0.507299
     4      16       109        93   92.9827        52  0.761323  0.484435
     5      16       130       114   91.1837        84   2.87838  0.508489
     6      16       152       136   90.6502        88  0.196781  0.554558
     7      16       182       166   94.8401       120  0.195252      0.62
     8      16       194       178   88.9845        48  0.188118  0.615577
     9      16       215       199   88.4297        84  0.174261  0.621966
    10      16       233       217   86.7858        72  0.185625  0.623463
    11      16       245       229   83.2593        48  0.354268  0.602824
    12      16       263       247   82.3202        72   0.16802  0.624465
    13      16       268       252   77.5262        20   0.09441  0.614749
    14      16       272       256   73.1316        16   0.15242  0.679158
    15      16       274       258   68.7898         8  0.095376  0.674647
    16      16       288       272   67.9901        56   7.21779  0.796741
    17      16       307       291   68.4608        76  0.128713  0.858042
    18      16       326       310   68.8792        76  0.093557   0.87134
    19      16       345       329   69.2534        76  0.123758  0.865134
2014-12-11 00:18:57.230014min lat: 0.093086 max lat: 7.27287 avg lat: 0.88175
   sec Cur ops   started  finished  avg MB/s  cur MB/s  last lat   avg lat
    20      16       354       338   67.5905        36   2.74448   0.88175
    21      16       362       346   65.8956        32   2.65101  0.898358
    22      16       371       355   64.5366        36  0.094928  0.881812
    23      16       372       356   61.9046         4  0.911194  0.881894
    24      16       391       375   62.4916        76  0.095177  0.881687
    25      16       392       376   60.1521         4  0.093904  0.879592
    26      16       399       383   58.9153        28    6.5903  0.966273
    27      16       423       407   60.2884        96  0.153899   1.00749
    28      16       452       436   62.2777       116  0.300169   1.00582
    29      16       479       463   63.8538       108  0.320828  0.988938
    30      16       504       488   65.0582       100  0.285104  0.963441
    31      16       531       515    66.443       108  0.124163  0.941433
    32      16       546       530   66.2415        60  0.550244  0.929188
    33      16       551       535   64.8402        20  0.124217  0.922297
    34      16       557       541    63.639        24  0.093946  0.914113
    35      16       562       546   62.3922        20  0.093247  0.930929
    36      16       562       546   60.6591         0         -  0.930929
    37      16       572       556   60.1007        20  0.106984  0.950199
    38      16       597       581   61.1504       100   6.56557   1.00258
    39      16       628       612   62.7616       124   2.16114   1.00506
2014-12-11 00:19:17.232104min lat: 0.093086 max lat: 7.27287 avg lat: 0.998141
   sec Cur ops   started  finished  avg MB/s  cur MB/s  last lat   avg lat
    40      16       642       626   62.5923        56   1.00443  0.998141
    41      16       667       651   63.5044       100  0.327361  0.988435
    42      16       697       681   64.8492       120  0.232926  0.970441
    43      16       715       699   65.0153        72  0.141664  0.953052
    44      16       734       718   65.2647        76  0.119704  0.936919
    45      16       756       740   65.7697        88  0.105579  0.932078
    46      16       773       757    65.818        68  0.248307  0.934269
    47      16       805       789   67.1407       128  0.618418  0.943202
    48      16       834       818   68.1583       116  0.343736   0.93024
    49      16       849       833   67.9916        60  0.953954  0.925594
    50      16       876       860   68.7915       108  0.384261  0.919787
    51      16       901       885   69.4031       100   1.65725  0.909141
    52      16       906       890    68.453        20  0.158238  0.905433
    53      16       930       914   68.9725        96  0.170521  0.901666
    54      16       945       929   68.8062        60  0.093574  0.890142
    55      16       945       929   67.5552         0         -  0.890142
    56      16       961       945   67.4916        32  0.093694   0.91188
    57      16       995       979   68.6931       136  0.200788  0.922264
    58      16      1011       995   68.6121        64  0.100521  0.918095
    59      16      1036      1020   69.1439       100  0.107897  0.912808
2014-12-11 00:19:37.234738min lat: 0.09297 max lat: 7.27287 avg lat: 0.914425
   sec Cur ops   started  finished  avg MB/s  cur MB/s  last lat   avg lat
    60      16      1048      1032   68.7914        48   2.23924  0.914425
    61      15      1049      1034   67.7947         8   2.04943  0.914783
    62      15      1049      1034   66.7013         0         -  0.914783
    63      15      1049      1034   65.6426         0         -  0.914783
    64      14      1049      1035   64.6794   1.33333   4.86655  0.918601
    65      14      1049      1035   63.6844         0         -  0.918601
 Total time run:         65.453994
Total writes made:      1049
Write size:             4194304
Bandwidth (MB/sec):     64.106 

Stddev Bandwidth:       40.9555
Max bandwidth (MB/sec): 136
Min bandwidth (MB/sec): 0
Average Latency:        0.991991
Stddev Latency:         1.62384
Max latency:            7.27287
Min latency:            0.09297
