 Maintaining 16 concurrent writes of 4194304 bytes for up to 60 seconds or 0 objects
 Object prefix: benchmark_data_ceph-radosbench-1_1
   sec Cur ops   started  finished  avg MB/s  cur MB/s  last lat   avg lat
     0       0         0         0         0         0         -         0
     1      16        24         8   31.9901        32  0.675344  0.457087
     2      16        33        17   33.9921        36  0.811093  0.779244
     3      16        42        26   34.6602        36    1.9226   1.23473
     4      16        53        37   36.9937        44   2.69394   1.43652
     5      16        65        49   39.1938        48   1.52574   1.40624
     6      16        73        57   37.9941        32   0.80452   1.38298
     7      16        79        63   35.9945        24  0.500621   1.39714
     8      16        85        69    34.495        24  0.414995   1.42228
     9      16        90        74   32.8843        20   1.44462   1.52441
    10      16        94        78   31.1958        16  0.101828   1.46147
    11      16        97        81   29.4507        12   5.18163   1.61086
    12      16       108        92   30.6628        44  0.285375   1.77287
    13      16       115        99   30.4578        28  0.464209   1.80847
    14      16       124       108   30.8534        36   3.04994    1.8831
    15      16       128       112   29.8631        16   0.90756   1.90333
    16      16       142       126   31.4962        56   3.49011   1.89187
    17      16       145       129   30.3493        12    0.4711   1.85609
    18      16       145       129   28.6633         0         -   1.85609
    19      16       145       129   27.1548         0         -   1.85609
2015-01-13 17:51:36.989923min lat: 0.101828 max lat: 6.47197 avg lat: 2.01084
   sec Cur ops   started  finished  avg MB/s  cur MB/s  last lat   avg lat
    20      16       153       137   27.3969   10.6667  0.493539   2.01084
    21      16       160       144   27.4254        28   1.15385    2.1262
    22      16       172       156   28.3603        48   2.56034   2.16811
    23      16       183       167     29.04        44     1.063   2.12144
    24      16       189       173     28.83        24  0.396224   2.10326
    25      16       195       179   28.6367        24  0.417907   2.08149
    26      16       199       183   28.1506        16  0.817372   2.05528
    27      16       201       185   27.4043         8  0.984917   2.04377
    28      16       206       190   27.1398        20   5.36776   2.09521
    29      16       212       196   27.0315        24  0.184937   2.12482
    30      16       220       204    27.197        32  0.182715   2.21828
    31      16       232       216   27.8679        48  0.578216   2.20316
    32      16       239       223   27.8719        28  0.675885   2.18736
    33      16       244       228   27.6332        20   3.41848   2.19158
    34      16       251       235   27.6439        28   1.80086   2.20665
    35      16       258       242   27.6541        28  0.816186   2.17964
    36      16       263       247   27.4414        20  0.405971   2.14802
    37      16       264       248   26.8078         4  0.222601   2.14026
    38      16       272       256   26.9444        32  0.281714   2.23333
    39      16       282       266   27.2791        40   4.35672   2.26069
2015-01-13 17:51:56.992001min lat: 0.101828 max lat: 7.14481 avg lat: 2.27836
   sec Cur ops   started  finished  avg MB/s  cur MB/s  last lat   avg lat
    40      16       287       271    27.097        20   1.58154   2.27836
    41      16       301       285   27.8018        56  0.631296   2.24833
    42      16       309       293   27.9017        32  0.880272   2.22689
    43      16       317       301   27.9969        32   1.11058   2.21602
    44      16       320       304   27.6333        12  0.405189   2.19931
    45      16       320       304   27.0193         0         -   2.19931
    46      16       323       307   26.6927         6   4.97088   2.22931
    47      16       338       322   27.4012        60   4.65361   2.26635
    48      16       345       329   27.4136        28   2.48703   2.28274
    49      16       353       337   27.5071        32  0.290454   2.25977
    50      16       360       344    27.517        28  0.500483    2.2418
    51      16       370       354   27.7616        40  0.407806   2.23908
    52      16       370       354   27.2278         0         -   2.23908
    53      16       372       356    26.865         4  0.114688   2.22991
    54      16       372       356   26.3675         0         -   2.22991
    55      16       376       360    26.179         8  0.183228   2.26314
    56      16       388       372   26.5686        48  0.290997   2.29803
    57      16       398       382   26.8041        40  0.289147   2.33411
    58      16       402       386   26.6178        16  0.294123   2.33896
    59      16       408       392   26.5734        24  0.183765   2.32734
2015-01-13 17:52:16.994099min lat: 0.101828 max lat: 7.32048 avg lat: 2.31748
   sec Cur ops   started  finished  avg MB/s  cur MB/s  last lat   avg lat
    60      16       414       398   26.5305        24  0.180941   2.31748
    61      16       414       398   26.0956         0         -   2.31748
    62      15       415       400   25.8037         4   5.46065   2.33365
    63      15       415       400   25.3941         0         -   2.33365
    64      15       415       400   24.9973         0         -   2.33365
    65      15       415       400   24.6128         0         -   2.33365
 Total time run:         65.312207
Total writes made:      415
Write size:             4194304
Bandwidth (MB/sec):     25.416 

Stddev Bandwidth:       16.3323
Max bandwidth (MB/sec): 60
Min bandwidth (MB/sec): 0
Average Latency:        2.50917
Stddev Latency:         2.18076
Max latency:            9.10645
Min latency:            0.101828
