 Maintaining 16 concurrent writes of 4194304 bytes for up to 60 seconds or 0 objects
 Object prefix: benchmark_data_ceph-radosbench-1_1
   sec Cur ops   started  finished  avg MB/s  cur MB/s  last lat   avg lat
     0       0         0         0         0         0         -         0
     1      16        32        16   63.9772        64  0.928589  0.513944
     2      16        62        46   91.9766       120  0.170453  0.520878
     3      16        78        62   82.6488        64  0.486294  0.550123
     4      16       101        85   84.9834        92  0.135089  0.602445
     5      16       116       100   79.9852        60  0.184905  0.607315
     6      16       127       111   73.9873        44  0.093989  0.566586
     7      16       128       112   63.9895         4  0.093378  0.562361
     8      16       128       112   55.9913         0         -  0.562361
     9      16       141       125   55.5473        26  0.152987  0.769011
    10      16       160       144   57.5917        76   0.15025  0.911507
    11      16       173       157   57.0829        52  0.093788  0.943532
    12      16       183       167   55.6591        40  0.110114  0.961784
    13      16       191       175    53.839        32  0.159164   1.04098
    14      16       200       184   52.5646        36  0.094007   1.00118
    15      15       208       193   51.4601        36  0.525236   1.03264
    16      16       223       207   51.7435        56   4.88948   1.04518
    17      16       237       221   51.9936        56  0.341056   1.05791
    18      16       253       237   52.6602        64  0.111309     1.115
    19      16       271       255   53.6777        72  0.300024   1.11709
2014-12-11 00:05:29.546357min lat: 0.093378 max lat: 5.78189 avg lat: 1.0865
   sec Cur ops   started  finished  avg MB/s  cur MB/s  last lat   avg lat
    20      16       295       279   55.7932        96  0.171698    1.0865
    21      16       309       293   55.8027        56  0.123194   1.07594
    22      16       324       308   55.9932        60  0.093721   1.05526
    23      16       333       317   55.1238        36  0.136914   1.06297
    24      16       333       317    52.827         0         -   1.06297
    25      16       333       317    50.714         0         -   1.06297
    26      16       339       323   49.6865         8   0.09924   1.10022
    27      16       361       345   51.1052        88  0.141262   1.13672
    28      16       382       366   52.2797        84  0.095075   1.16283
    29      16       411       395   54.4764       116  0.196089   1.13702
    30      16       432       416   55.4601        84  0.128069   1.10919
    31      16       450       434   55.9933        72  0.122065   1.09564
    32      16       460       444   55.4933        40  0.197779   1.07672
    33      16       464       448   54.2965        16  0.095792    1.0681
    34      16       467       451   53.0525        12    5.3598   1.09906
    35      16       484       468   53.4794        68  0.094607   1.09787
    36      16       498       482   53.5493        56  0.093801   1.10413
    37      16       518       502   54.2639        80  0.196068   1.13093
    38      16       540       524   55.1514        88  0.576498   1.11667
    39      16       562       546   55.9933        88   3.77508   1.11355
2014-12-11 00:05:49.548698min lat: 0.092946 max lat: 6.5074 avg lat: 1.10792
   sec Cur ops   started  finished  avg MB/s  cur MB/s  last lat   avg lat
    40      16       571       555   55.4934        36  0.667666   1.10792
    41      16       589       573   55.8958        72  0.130991   1.07752
    42      16       597       581   55.3267        32   4.38076   1.08943
    43      16       605       589    54.784        32   4.89052   1.10154
    44      16       615       599    54.448        40  0.818389   1.11484
    45      16       636       620   55.1045        84  0.144964   1.12791
    46      16       641       625   54.3413        20  0.094663   1.13702
    47      16       654       638   54.2913        52   0.09374   1.13035
    48      16       670       654   54.4934        64   3.35351   1.13438
    49      16       682       666   54.3608        48  0.093245   1.11657
    50      16       682       666   53.2735         0         -   1.11657
    51      16       692       676   53.0132        20  0.093145   1.12549
    52      16       710       694   53.3781        72  0.149208   1.14719
    53      16       735       719   54.2575       100  0.132251    1.1511
    54      16       745       729   53.9934        40  0.114553   1.15234
    55      16       762       746   54.2479        68  0.419359   1.14584
    56      16       778       762    54.422        64  0.115782   1.14948
    57      16       785       769   53.9584        28  0.710081   1.14075
    58      16       791       775   53.4418        24   4.73828   1.15194
    59      16       811       795   53.8918        80  0.099157   1.12567
2014-12-11 00:06:09.551096min lat: 0.092946 max lat: 6.5074 avg lat: 1.13983
   sec Cur ops   started  finished  avg MB/s  cur MB/s  last lat   avg lat
    60      16       830       814   54.2602        76  0.695537   1.13983
    61      13       831       818   53.6329        16   4.85831   1.14569
 Total time run:         61.855610
Total writes made:      831
Write size:             4194304
Bandwidth (MB/sec):     53.738 

Stddev Bandwidth:       30.3469
Max bandwidth (MB/sec): 120
Min bandwidth (MB/sec): 0
Average Latency:        1.18616
Stddev Latency:         1.83467
Max latency:            6.79081
Min latency:            0.092946
