 Maintaining 16 concurrent writes of 4194304 bytes for up to 60 seconds or 0 objects
 Object prefix: benchmark_data_ceph-radosbench-1_1
   sec Cur ops   started  finished  avg MB/s  cur MB/s  last lat   avg lat
     0       0         0         0         0         0         -         0
     1      15        40        25   99.9655       100  0.998338  0.405478
     2      16        69        53   105.973       112  0.294773  0.428566
     3      16       104        88   117.308       140  0.261094  0.466336
     4      16       132       116   115.976       112  0.188749  0.482552
     5      16       151       135   107.978        76  0.560869  0.513011
     6      16       171       155   103.312        80  0.101187  0.539084
     7      15       191       176   100.552        84    3.1452  0.573149
     8      16       207       191   95.4813        60  0.099902  0.599206
     9      16       223       207   91.9824        64  0.722301  0.637933
    10      16       238       222   88.7833        60   1.20399  0.675322
    11      16       257       241   87.6201        76   2.06078  0.697498
    12      16       272       256   85.3178        60  0.270737  0.714361
    13      16       289       273   83.9849        68    2.0108  0.720818
    14      16       317       301   85.9848       112  0.196196  0.714285
    15      16       338       322   85.8511        84  0.100714  0.717497
    16      16       356       340   84.9846        72  0.064038  0.717329
    17      16       379       363   85.3965        92   0.28747  0.710077
    18      16       396       380   84.4293        68  0.416144  0.713391
    19      16       410       394   82.9325        56   0.06514  0.717101
2014-12-10 01:28:52.341131min lat: 0.063808 max lat: 3.43741 avg lat: 0.744887
   sec Cur ops   started  finished  avg MB/s  cur MB/s  last lat   avg lat
    20      16       431       415   82.9851        84   0.15684  0.744887
    21      16       451       435   82.8422        80  0.321278  0.738675
    22      16       479       463   84.1668       112  0.139807  0.742078
    23      16       507       491   85.3762       112  0.158893  0.733557
    24      16       531       515    85.818        96   0.19953  0.730524
    25      16       549       533   85.2649        72  0.129405  0.721599
    26      16       555       539   82.9084        24  0.128951  0.733276
    27      16       571       555   82.2077        64  0.479684   0.73819
    28      15       581       566   80.8426        44  0.068491  0.751537
    29      16       601       585   80.6751        76  0.323103  0.757059
    30      16       625       609   81.1855        96  0.064516  0.765252
    31      16       645       629   81.1468        80  0.066382  0.771043
    32      16       660       644   80.4857        60  0.068242  0.776788
    33      16       680       664   80.4706        80  0.122468  0.778262
    34      15       707       692   81.3972       112   2.10994  0.775922
    35      16       725       709   81.0142        68  0.127138   0.77356
    36      16       746       730   81.0967        84   1.80937  0.772172
    37      16       768       752   81.2829        88  0.120722  0.767433
    38      15       782       767   80.7226        60  0.734933  0.775041
    39      16       798       782    80.191        60  0.189549  0.776262
2014-12-10 01:29:12.344533min lat: 0.063808 max lat: 4.74453 avg lat: 0.779297
   sec Cur ops   started  finished  avg MB/s  cur MB/s  last lat   avg lat
    40      16       825       809   80.8858       108  0.120047  0.779297
    41      16       850       834   81.3516       100  0.547581  0.779851
    42      16       878       862   82.0809       112  0.789403  0.771439
    43      16       899       883   82.1253        84  0.068827  0.768438
    44      16       914       898   81.6222        60  0.588486  0.765957
    45      16       927       911   80.9638        52  0.100135  0.776254
    46      16       945       929   80.7687        72  0.484245  0.774577
    47      16       960       944   80.3266        60  0.502144  0.774685
    48      16       978       962   80.1529        72   3.43697  0.783865
    49      16       995       979   79.9047        68   1.59071  0.792321
    50      16      1014       998   79.8264        76  0.139332  0.793089
    51      15      1033      1018   79.8296        80   1.06173  0.793872
    52      16      1064      1048   80.6017       120   1.62843  0.786075
    53      16      1087      1071   80.8165        92  0.134343  0.782957
    54      16      1107      1091   80.8012        80  0.761498  0.783216
    55      16      1122      1106   80.4228        60  0.335923  0.780599
    56      16      1137      1121    80.058        60   1.28688  0.780142
    57      16      1151      1135   79.6358        56   1.61915  0.774751
    58      16      1160      1144   78.8833        36  0.064338  0.784402
    59      16      1179      1163   78.8343        76  0.600984  0.799047
2014-12-10 01:29:32.347564min lat: 0.063808 max lat: 5.13492 avg lat: 0.801244
   sec Cur ops   started  finished  avg MB/s  cur MB/s  last lat   avg lat
    60      16      1205      1189   79.2534       104  0.106832  0.801244
    61      16      1206      1190   78.0198         4  0.269303  0.800797
 Total time run:         61.170826
Total writes made:      1206
Write size:             4194304
Bandwidth (MB/sec):     78.861 

Stddev Bandwidth:       25.8403
Max bandwidth (MB/sec): 140
Min bandwidth (MB/sec): 0
Average Latency:        0.811482
Stddev Latency:         0.84552
Max latency:            5.13492
Min latency:            0.063808
