 Maintaining 16 concurrent writes of 4194304 bytes for up to 60 seconds or 0 objects
 Object prefix: benchmark_data_ceph-radosbench-1_1
   sec Cur ops   started  finished  avg MB/s  cur MB/s  last lat   avg lat
     0       0         0         0         0         0         -         0
     1      16        36        20   79.9726        80  0.809928  0.447683
     2      16        53        37   73.9819        68   1.26076  0.584495
     3      16        66        50   66.6528        52  0.139815  0.719734
     4      16        71        55   54.9897        20  0.930536  0.773619
     5      16        85        69   55.1902        56   2.70371  0.888595
     6      16       105        89   59.3235        80  0.265484  0.977149
     7      16       120       104   59.4191        60   1.62582  0.977337
     8      16       139       123   61.4903        76  0.577551  0.971899
     9      16       160       144   63.9896        84  0.579108  0.954548
    10      16       169       153   61.1904        36  0.722747  0.953655
    11      16       169       153   55.6279         0         -  0.953655
    12      16       184       168   55.9917        30   2.12344   1.09924
    13      16       207       191   58.7606        92  0.479058   1.05726
    14      16       226       210   59.9912        76  0.465751   1.02303
    15      16       243       227   60.5244        68    0.3631   1.01148
    16      16       257       241   60.2412        56   1.52617   1.01019
    17      16       269       253   59.5207        48   1.56629   1.02494
    18      16       273       257   57.1028        16   1.25697   1.03426
    19      16       283       267   56.2024        40  0.095025   1.01895
2014-12-10 23:46:08.502261min lat: 0.09427 max lat: 3.71496 avg lat: 1.07604
   sec Cur ops   started  finished  avg MB/s  cur MB/s  last lat   avg lat
    20      16       298       282   56.3919        60  0.220505   1.07604
    21      16       317       301   57.3251        76  0.544738   1.08528
    22      16       336       320   58.1735        76  0.428956   1.07379
    23      16       353       337   58.6004        68   1.40269   1.06516
    24      16       366       350   58.3251        52   1.42626    1.0668
    25      16       370       354    56.632        16   1.43423   1.07025
    26      16       382       366   56.2998        48  0.744409   1.09206
    27      16       398       382   56.5847        64   1.83128   1.10292
    28      16       418       402   57.4205        80  0.303309    1.0921
    29      16       436       420   57.9228        72  0.465763   1.08435
    30      16       453       437   58.2583        68   0.51903   1.07519
    31      16       470       454   58.5722        68  0.351983   1.06829
    32      16       476       460   57.4917        24   1.32776   1.07249
    33      16       478       462   55.9919         8   2.31828    1.0779
    34      16       491       475   55.8743        52  0.137818   1.09932
    35      16       508       492   56.2205        68   1.22216    1.1161
    36      16       522       506   56.2141        56   0.30199   1.11398
    37      16       540       524   56.6405        72   1.80021    1.1132
    38      16       556       540    56.834        64  0.281011   1.10576
    39      16       571       555   56.9149        60   1.36732   1.10195
2014-12-10 23:46:28.505142min lat: 0.09427 max lat: 3.71496 avg lat: 1.10368
   sec Cur ops   started  finished  avg MB/s  cur MB/s  last lat   avg lat
    40      16       574       558    55.792        12   1.41366   1.10368
    41      16       582       566   55.2115        32  0.126016   1.10829
    42      16       595       579   55.1349        52    1.2887   1.14407
    43      16       609       593   55.1548        56  0.261078   1.13467
    44      16       625       609   55.3557        64  0.289445   1.13383
    45      16       639       623   55.3698        56   1.73723   1.13623
    46      16       648       632   54.9486        36   1.62328   1.14357
    47      16       661       645   54.8857        52  0.095059   1.13333
    48      16       664       648   53.9922        12   0.23845   1.12912
    49      16       680       664   54.1963        64   0.17407   1.15892
    50      16       698       682   54.5521        72  0.382027    1.1583
    51      16       716       700   54.8941        72  0.373512   1.15313
    52      16       727       711   54.6845        44   1.58605   1.15542
    53      16       738       722   54.4828        44   1.04088   1.15996
    54      16       752       736   54.5108        56  0.207989   1.15324
    55      16       752       736   53.5197         0         -   1.15324
    56      16       769       753   53.7781        34  0.310661    1.1686
    57      16       786       770   54.0275        68  0.151515   1.16861
    58      16       804       788   54.3371        72   1.58509   1.16496
    59      16       816       800   54.2296        48   1.09632   1.16732
2014-12-10 23:46:48.507939min lat: 0.09427 max lat: 3.71496 avg lat: 1.16833
   sec Cur ops   started  finished  avg MB/s  cur MB/s  last lat   avg lat
    60      16       830       814   54.2589        56  0.608971   1.16833
    61      15       831       816   53.5005         8  0.612274    1.1676
    62      15       831       816   52.6376         0         -    1.1676
 Total time run:         62.057561
Total writes made:      831
Write size:             4194304
Bandwidth (MB/sec):     53.563 

Stddev Bandwidth:       24.1595
Max bandwidth (MB/sec): 92
Min bandwidth (MB/sec): 0
Average Latency:        1.19253
Stddev Latency:         0.866992
Max latency:            3.71496
Min latency:            0.09427
