 Maintaining 16 concurrent writes of 4194304 bytes for up to 60 seconds or 0 objects
 Object prefix: benchmark_data_ceph-radosbench-1_1
   sec Cur ops   started  finished  avg MB/s  cur MB/s  last lat   avg lat
     0       0         0         0         0         0         -         0
     1      16        38        22   87.9704        88  0.344079  0.437769
     2      16        66        50   99.9758       112  0.303513  0.498706
     3      16        90        74   98.6456        96  0.337542  0.499353
     4      16       122       106   105.979       128  0.341514  0.546703
     5      16       150       134   107.179       112  0.195143  0.525546
     6      16       169       153   101.981        76  0.116589  0.535421
     7      16       189       173   98.8393        80  0.172597    0.5118
     8      16       219       203   101.482       120  0.433438  0.550465
     9      16       246       230   102.204       108  0.512835  0.574796
    10      16       276       260   103.982       120   2.32363  0.586226
    11      16       304       288    104.71       112  0.341587  0.575514
    12      16       334       318   105.982       120  0.296626  0.581859
    13      16       354       338   103.983        80  0.095175  0.564398
    14      16       374       358   102.269        80  0.172431  0.551199
    15      16       389       373   99.4506        60  0.094773  0.536041
    16      16       398       382   95.4846        36   5.10055  0.566578
    17      16       418       402   94.5731        80  0.094409  0.581625
    18      16       451       435   96.6513       132  0.312991  0.638949
    19      16       471       455   95.7745        80   0.12009  0.638249
2014-12-11 00:24:46.251127min lat: 0.093519 max lat: 5.69817 avg lat: 0.645857
   sec Cur ops   started  finished  avg MB/s  cur MB/s  last lat   avg lat
    20      16       494       478   95.5851        92  0.231734  0.645857
    21      16       519       503   95.7945       100  0.255884  0.639999
    22      16       542       526   95.6215        92  0.095615  0.637122
    23      16       558       542   94.2461        64  0.124114  0.621967
    24      16       568       552   91.9857        40  0.094384  0.614192
    25      16       588       572   91.5057        80  0.143907  0.621183
    26      16       596       580   89.2169        32  0.143726  0.641016
    27      16       619       603   89.3194        92  0.697377  0.676488
    28      16       644       628   89.7004       100   0.16675  0.681227
    29      16       671       655   90.3309       108  0.174909  0.677256
    30      16       693       677   90.2528        88   3.34278  0.679153
    31      16       719       703   90.6957       104   0.15584  0.681076
    32      16       741       725   90.6111        88   2.83053  0.690824
    33      16       758       742   89.9256        68  0.094115  0.680515
    34      16       768       752   88.4571        40  0.111227  0.678212
    35      16       772       756   86.3869        16  0.094778  0.675821
    36      16       784       768   85.3204        48  0.095076  0.686485
    37      16       784       768   83.0146         0         -  0.686485
    38      16       797       781   82.1983        26  0.107157  0.702901
    39      16       820       804   82.4493        92  0.196588  0.731786
2014-12-11 00:25:06.253943min lat: 0.093296 max lat: 6.90421 avg lat: 0.752942
   sec Cur ops   started  finished  avg MB/s  cur MB/s  last lat   avg lat
    40      16       843       827   82.6877        92   0.18884  0.752942
    41      16       873       857   83.5973       120  0.113753  0.745937
    42      16       901       885   84.2732       112  0.146128  0.745706
    43      16       929       913   84.9176       112  0.252073  0.740094
    44      16       953       937   85.1692        96  0.185341  0.735361
    45      16       970       954   84.7874        68  0.172954  0.725373
    46      16       985       969   84.2484        60  0.094124  0.727689
    47      16       991       975   82.9664        24  0.505949  0.724694
    48      16       994       978   81.4879        12   5.17156  0.738202
    49      16      1008       992   80.9677        56  0.157159  0.746875
    50      16      1035      1019   81.5081       108  0.142458  0.762506
    51      16      1063      1047   82.1057       112  0.111489   0.76732
    52      16      1087      1071   82.3726        96  0.263154  0.762081
    53      16      1114      1098   82.8558       108  0.301329  0.756874
    54      16      1130      1114   82.5065        64  0.098373  0.757483
    55      16      1153      1137    82.679        92  0.093181  0.754618
    56      16      1175      1159   82.7738        88  0.141399  0.742807
    57      16      1184      1168   81.9532        36  0.129829  0.738049
    58      16      1185      1169   80.6093         4  0.772398  0.738078
    59      16      1187      1171   79.3787         8   6.62798  0.748168
2014-12-11 00:25:26.256404min lat: 0.093181 max lat: 7.19037 avg lat: 0.761448
   sec Cur ops   started  finished  avg MB/s  cur MB/s  last lat   avg lat
    60      16      1205      1189   79.2556        72  0.198586  0.761448
    61      16      1206      1190   78.0219         4   7.11856   0.76679
 Total time run:         61.993389
Total writes made:      1206
Write size:             4194304
Bandwidth (MB/sec):     77.815 

Stddev Bandwidth:       36.2352
Max bandwidth (MB/sec): 132
Min bandwidth (MB/sec): 0
Average Latency:        0.820736
Stddev Latency:         1.47185
Max latency:            8.71385
Min latency:            0.093181
