 Maintaining 16 concurrent writes of 4194304 bytes for up to 60 seconds or 0 objects
 Object prefix: benchmark_data_ceph-radosbench-1_1
   sec Cur ops   started  finished  avg MB/s  cur MB/s  last lat   avg lat
     0       0         0         0         0         0         -         0
     1      16        25         9   35.9882        36  0.787852   0.59427
     2      16        42        26   51.9877        68   1.20623  0.994838
     3      16        55        39   51.9901        52   1.04459   1.01136
     4      16        62        46   45.9924        28   1.18263   1.08069
     5      16        72        56   44.7932        40   1.28399   1.17852
     6      16        76        60   39.9944        16  0.748273   1.18381
     7      16        89        73   41.7087        52   1.09651   1.35948
     8      16       103        87   43.4945        56   1.64866   1.35124
     9      16       115        99   43.9946        48  0.208266   1.32796
    10      16       124       108   43.1949        36   2.24778   1.33457
    11      16       135       119   43.2677        44   1.26503   1.37667
    12      16       138       122   40.6619        12   1.41048   1.37431
    13      16       151       135   41.5336        52  0.404629   1.41501
    14      16       158       142   40.5668        28   1.69378   1.43716
    15      16       167       151   40.2621        36  0.569932   1.45029
    16      16       178       162   40.4954        44   2.28533   1.47929
    17      16       188       172    40.466        40   1.52624   1.47816
    18      16       196       180   39.9955        32    2.2112   1.49972
    19      16       209       193    40.627        52   1.79725   1.51176
2014-12-09 22:57:30.747668min lat: 0.204625 max lat: 3.49348 avg lat: 1.49501
   sec Cur ops   started  finished  avg MB/s  cur MB/s  last lat   avg lat
    20      16       215       199   39.7956        24  0.319218   1.49501
    21      16       226       210   39.9956        44   1.87463   1.52411
    22      16       238       222   40.3592        48   0.93971   1.53685
    23      16       247       231   40.1695        36   2.80773    1.5294
    24      16       250       234   38.9958        12  0.944738   1.52002
    25      16       256       240   38.3959        24  0.485226   1.53772
    26      16       270       254   39.0728        56  0.995339   1.56915
    27      16       278       262   38.8106        32  0.470101   1.57528
    28      16       289       273   38.9958        44    1.4158   1.58203
    29      16       300       284   39.1681        44  0.391418    1.5764
    30      16       309       293   39.0624        36  0.399535   1.57394
    31      16       318       302   38.9635        36   2.30889   1.58695
    32      16       330       314   39.2457        48  0.391506   1.59307
    33      16       339       323   39.1472        36   1.49815   1.59046
    34      16       349       333   39.1722        40   1.01091   1.59074
    35      16       360       344     39.31        44   1.60501   1.59257
    36      16       369       353   39.2179        36  0.483238   1.58689
    37      16       375       359   38.8066        24   2.39635   1.59594
    38      16       391       375   39.4694        64   1.17663   1.59963
    39      16       400       384   39.3803        36  0.233024   1.58536
2014-12-09 22:57:50.749890min lat: 0.184954 max lat: 4.11097 avg lat: 1.58382
   sec Cur ops   started  finished  avg MB/s  cur MB/s  last lat   avg lat
    40      16       410       394   39.3956        40   1.25178   1.58382
    41      16       419       403   39.3127        36   1.01795   1.58124
    42      16       428       412   39.2337        36   1.00568   1.57702
    43      16       437       421   39.1583        36  0.406814   1.58341
    44      16       448       432   39.2683        44  0.561157   1.58047
    45      16       459       443   39.3733        44  0.275356   1.58991
    46      16       465       449    39.039        24   1.78212     1.595
    47      16       475       459   39.0593        40  0.199977   1.59066
    48      16       486       470   39.1621        44  0.317658   1.59345
    49      16       495       479   39.0975        36   1.64514   1.60098
    50      16       506       490   39.1954        44  0.324663   1.60178
    51      16       520       504   39.5248        56  0.514783   1.60065
    52      16       528       512     39.38        32   0.50323   1.59426
    53      16       539       523    39.467        44    0.8299   1.59183
    54      16       546       530   39.2547        28  0.971459   1.59281
    55      16       553       537     39.05        28   2.25961   1.60318
    56      16       566       550   39.2811        52   1.88791   1.60943
    57      16       577       561   39.3638        44   1.47584   1.60304
    58      16       593       577   39.7884        64   1.45334   1.59132
    59      16       599       583   39.5207        24  0.799618   1.58733
2014-12-09 22:58:10.752604min lat: 0.12093 max lat: 4.11097 avg lat: 1.5922
   sec Cur ops   started  finished  avg MB/s  cur MB/s  last lat   avg lat
    60      16       608       592    39.462        36   1.15959    1.5922
    61      16       609       593   38.8806         4  0.612563   1.59055
 Total time run:         61.704677
Total writes made:      609
Write size:             4194304
Bandwidth (MB/sec):     39.478 

Stddev Bandwidth:       13.387
Max bandwidth (MB/sec): 68
Min bandwidth (MB/sec): 0
Average Latency:        1.61834
Stddev Latency:         0.85289
Max latency:            4.11097
Min latency:            0.12093
