 Maintaining 16 concurrent writes of 4194304 bytes for up to 60 seconds or 0 objects
 Object prefix: benchmark_data_ceph-radosbench-1_1
   sec Cur ops   started  finished  avg MB/s  cur MB/s  last lat   avg lat
     0       0         0         0         0         0         -         0
     1      16        17         1   3.99891         4  0.769248  0.769248
     2      16        23         7   13.9974        24   1.75073   1.40341
     3      16        29        13   17.3306        24   2.85379   1.92077
     4      16        32        16   15.9977        12   3.69827   2.25284
     5      16        35        19   15.1979        12    3.2377   2.43402
     6      16        38        22   14.6648        12   4.07478   2.67775
     7      16        38        22   12.5699         0         -   2.67775
     8      16        38        22   10.9987         0         -   2.67775
     9      16        44        28    12.443         8    5.6862    3.3804
    10      16        53        37   14.7983        36   4.16456   3.80886
    11      16        56        40   14.5438        12   2.67075   3.77957
    12      16        59        43   14.3318        12   2.93195   3.73017
    13      16        65        49   15.0753        24   3.51327   3.70739
    14      16        65        49   13.9985         0         -   3.70739
    15      16        65        49   13.0653         0         -   3.70739
    16      16        65        49   12.2487         0         -   3.70739
    17      16        66        50   11.7635         1   7.51848   3.78362
    18      16        74        58   12.8875        32   6.51302   4.21588
    19      16        80        64   13.4722        24   5.93741   4.41014
2015-01-13 17:50:06.412803min lat: 0.769248 max lat: 7.51848 avg lat: 4.39307
   sec Cur ops   started  finished  avg MB/s  cur MB/s  last lat   avg lat
    20      16        83        67   13.3986        12    2.6879   4.39307
    21      16        86        70   13.3319        12   3.01817   4.34086
    22      16        90        74   13.4531        16   4.04201   4.29967
    23      16        92        76    13.216         8   3.59155   4.28102
    24      16        92        76   12.6653         0         -   4.28102
    25      16        92        76   12.1587         0         -   4.28102
    26      16        98        82   12.6141         8   6.10802   4.44155
    27      16       104        88   13.0357        24   5.47389   4.53888
    28      16       107        91   12.9987        12   5.40568   4.57585
    29      16       113        97   13.3779        24   3.20742   4.51915
    30      16       116       100    13.332        12    3.5972   4.49581
    31      16       116       100   12.9019         0         -   4.49581
    32      16       116       100   12.4987         0         -   4.49581
    33      16       116       100     12.12         0         -   4.49581
    34      16       122       106   12.4693         6   6.32584   4.61446
    35      16       128       112   12.7987        24   5.74829   4.69577
    36      16       131       115   12.7765        12   5.74061   4.73022
    37      16       134       118   12.7554        12   3.76276   4.73346
    38      16       137       121   12.7355        12   3.96033   4.71871
    39      16       137       121    12.409         0         -   4.71871
2015-01-13 17:50:26.414811min lat: 0.769248 max lat: 7.51848 avg lat: 4.71871
   sec Cur ops   started  finished  avg MB/s  cur MB/s  last lat   avg lat
    40      16       137       121   12.0987         0         -   4.71871
    41      16       143       127    12.389         8   6.25333   4.79798
    42      16       149       133   12.6653        24   5.02923    4.8429
    43      16       152       136   12.6498        12   4.65159   4.84408
    44      16       158       142   12.9077        24   2.88052   4.77969
    45      16       161       145   12.8875        12   3.30014   4.75194
    46      16       164       148   12.8682        12   3.45889   4.72928
    47      16       165       149   12.6795         4   5.05171   4.73144
    48      16       167       151    12.582         8   4.70235   4.73109
    49      16       167       151   12.3252         0         -   4.73109
    50      16       173       157   12.5586        12   5.85114   4.78968
    51      16       179       163   12.7829        24   5.26791   4.82043
    52      16       182       166   12.7679        12   4.35576   4.82166
    53      16       188       172   12.9797        24   3.20462   4.77577
    54      16       191       175   12.9616        12   3.56818   4.75776
    55      16       191       175   12.7259         0         -   4.75776
    56      16       191       175   12.4987         0         -   4.75776
    57      16       191       175   12.2794         0         -   4.75776
    58      16       197       181   12.4814         6   6.28589   4.81959
    59      16       203       187   12.6766        24   5.70924   4.86088
2015-01-13 17:50:46.416981min lat: 0.769248 max lat: 7.51848 avg lat: 4.87777
   sec Cur ops   started  finished  avg MB/s  cur MB/s  last lat   avg lat
    60      16       206       190   12.6653        12     5.652   4.87777
    61      14       207       193   12.6544        12   2.88992   4.86481
    62      11       207       196   12.6438        12   3.69558   4.84882
    63       8       207       199   12.6336        12   4.00932   4.83882
    64       8       207       199   12.4362         0         -   4.83882
    65       8       207       199   12.2449         0         -   4.83882
    66       5       207       202   12.2411         4   7.18573   4.87566
 Total time run:         66.631412
Total writes made:      207
Write size:             4194304
Bandwidth (MB/sec):     12.427 

Stddev Bandwidth:       9.34414
Max bandwidth (MB/sec): 36
Min bandwidth (MB/sec): 0
Average Latency:        4.9281
Stddev Latency:         1.5988
Max latency:            7.6851
Min latency:            0.769248
