 Maintaining 16 concurrent writes of 4194304 bytes for up to 60 seconds or 0 objects
 Object prefix: benchmark_data_ceph-radosbench-1_1
   sec Cur ops   started  finished  avg MB/s  cur MB/s  last lat   avg lat
     0       0         0         0         0         0         -         0
     1      16        36        20   79.9722        80   0.09438  0.245967
     2      16        48        32   63.9838        48  0.097626  0.357392
     3      16        61        45   59.9869        52  0.094839   0.35816
     4      16        84        68   67.9865        92   2.48578  0.827427
     5      16       110        94    75.186       104  0.301008  0.779474
     6      16       138       122   81.3186       112   0.95744  0.737667
     7      16       168       152    86.841       120  0.542351  0.702425
     8      16       192       176   87.9839        96  0.171191  0.671467
     9      16       224       208   92.4278       128  0.308328  0.650875
    10      16       252       236   94.3833       112  0.595195  0.642166
    11      16       280       264   95.9834       112  0.595901  0.629897
    12      16       303       287   95.6502        92  0.251842  0.635434
    13      16       336       320   98.4447       132  0.308964  0.633336
    14      16       361       345   98.5547       100  0.527515  0.632392
    15      16       389       373   99.4501       112  0.332996  0.630031
    16      16       420       404   100.983       124      1.18  0.618599
    17      16       442       426   100.219        88  0.714232  0.619526
    18      16       475       459   101.983       132  0.274494  0.617899
    19      16       501       485   102.089       104  0.228932   0.60679
2014-12-11 01:54:30.660243min lat: 0.093638 max lat: 3.46148 avg lat: 0.614254
   sec Cur ops   started  finished  avg MB/s  cur MB/s  last lat   avg lat
    20      16       528       512   102.383       108  0.366338  0.614254
    21      16       555       539    102.65       108  0.835606  0.611894
    22      16       584       568   103.256       116  0.292067  0.601866
    23      16       614       598   103.983       120  0.369175  0.603964
    24      16       642       626   104.317       112   0.84441  0.604419
    25      16       670       654   104.623       112  0.237032  0.601465
    26      16       699       683    105.06       116  0.467839  0.598469
    27      16       728       712   105.465       116  0.495958  0.597279
    28      16       755       739   105.555       108   1.10277  0.596949
    29      16       785       769   106.052       120   0.45241  0.594373
    30      16       811       795   105.983       104  0.239602  0.596668
    31      16       838       822   106.048       108  0.298007  0.596543
    32      16       869       853   106.608       124  0.980771  0.596152
    33      16       895       879   106.529       104  0.514748  0.593259
    34      16       923       907   106.689       112   1.40376  0.589944
    35      16       950       934   106.726       108  0.560576  0.590844
    36      16       979       963   106.983       116  0.226684  0.586911
    37      16      1010       994   107.443       124   2.15297  0.585992
    38      15      1036      1021   107.457       108  0.225169  0.579217
    39      16      1064      1048   107.471       108  0.342251  0.573542
2014-12-11 01:54:50.663145min lat: 0.093638 max lat: 3.87642 avg lat: 0.57228
   sec Cur ops   started  finished  avg MB/s  cur MB/s  last lat   avg lat
    40      16      1092      1076   107.584       112  0.128906   0.57228
    41      16      1122      1106   107.886       120   4.36873  0.574241
    42      16      1147      1131   107.698       100  0.228489   0.56708
    43      16      1170      1154   107.332        92  0.148287  0.565885
    44      16      1199      1183   107.529       116  0.118307  0.582366
    45      16      1231      1215   107.983       128  0.557574  0.588338
    46      16      1259      1243    108.07       112  0.240281  0.587376
    47      16      1287      1271   108.154       112  0.521418  0.585658
    48      16      1314      1298    108.15       108  0.820434   0.58547
    49      16      1342      1326   108.228       112  0.367966  0.584294
    50      16      1366      1350   107.984        96  0.131157  0.583633
    51      16      1398      1382   108.376       128   0.18483  0.585875
    52      16      1427      1411   108.522       116  0.302336  0.583632
    53      16      1458      1442   108.814       124  0.297269  0.581258
    54      16      1483      1467    108.65       100  0.227476  0.579699
    55      16      1513      1497   108.856       120  0.318768  0.578798
    56      16      1540      1524   108.841       108  0.243525  0.579206
    57      16      1564      1548   108.615        96   3.70059  0.579609
    58      16      1592      1576   108.673       112  0.200895   0.58078
    59      16      1624      1608   109.001       128  0.720793  0.584346
2014-12-11 01:55:10.666036min lat: 0.093638 max lat: 6.50205 avg lat: 0.583251
   sec Cur ops   started  finished  avg MB/s  cur MB/s  last lat   avg lat
    60      16      1654      1638   109.184       120  0.215506  0.583251
 Total time run:         60.511722
Total writes made:      1654
Write size:             4194304
Bandwidth (MB/sec):     109.334 

Stddev Bandwidth:       20.9104
Max bandwidth (MB/sec): 132
Min bandwidth (MB/sec): 0
Average Latency:        0.584727
Stddev Latency:         0.651671
Max latency:            6.50205
Min latency:            0.093638
