 Maintaining 16 concurrent writes of 4194304 bytes for up to 60 seconds or 0 objects
 Object prefix: benchmark_data_ceph-radosbench-1_1
   sec Cur ops   started  finished  avg MB/s  cur MB/s  last lat   avg lat
     0       0         0         0         0         0         -         0
     1      16        28        12   47.9764        48  0.998181  0.670145
     2      16        42        26   51.9813        56  0.644282  0.844563
     3      16        58        42   55.9825        64  0.303764  0.945117
     4      16        79        63   62.9819        84  0.904184  0.883139
     5      16        91        75   59.9838        48   1.49656  0.866688
     6      16       111        95   63.3169        80   1.38697   0.91465
     7      16       136       120   68.5545       100  0.987121  0.881252
     8      16       155       139   69.4832        76  0.901081  0.850896
     9      16       166       150    66.651        44  0.190969  0.839021
    10      16       174       158   63.1853        32  0.466786  0.816494
    11      16       182       166   60.3499        32   2.09174  0.909288
    12      16       195       179   59.6533        52   2.90517   1.01108
    13      16       214       198   60.9095        76  0.313381   1.00775
    14      16       226       210   59.9866        48  0.614245  0.996672
    15      16       238       222   59.1869        48  0.264756   1.00871
    16      16       254       238   59.4869        64  0.313295   1.01887
    17      16       266       250   58.8101        48  0.492754   1.01911
    18      16       275       259   57.5427        36   2.62167   1.05163
    19      16       291       275   57.8818        64  0.488871   1.05426
2015-02-01 05:40:33.252535min lat: 0.101705 max lat: 3.87934 avg lat: 1.05416
   sec Cur ops   started  finished  avg MB/s  cur MB/s  last lat   avg lat
    20      16       301       285   56.9873        40  0.690752   1.05416
    21      16       313       297   56.5588        48  0.729709   1.07745
    22      16       328       312   56.7146        60    0.6726   1.08855
    23      16       339       323   56.1614        44  0.210933   1.08946
    24      16       351       335   55.8209        48  0.817628   1.09879
    25      16       373       357   57.1075        88  0.702698   1.09552
    26      16       384       368   56.6032        44  0.182336   1.07695
    27      16       402       386   57.1729        72  0.864206   1.07767
    28      16       406       390    55.702        16   3.01027   1.08014
    29      16       418       402   55.4361        48   3.29044   1.11812
    30      16       426       410   54.6547        32   2.84798   1.13172
    31      16       439       423   54.5688        52  0.227773   1.14209
    32      16       455       439   54.8629        64   1.94466   1.14207
    33      16       470       454   55.0182        60   1.70754   1.13763
    34      16       482       466   54.8115        48  0.687931   1.13076
    35      16       494       478   54.6165        48   3.15195   1.13967
    36      16       508       492   54.6546        56   1.16756   1.14736
    37      16       520       504   54.4745        48   1.99238   1.15474
    38      16       536       520   54.7248        64   1.14765   1.15171
    39      16       551       535   54.8598        60  0.856458   1.14558
2015-02-01 05:40:53.256847min lat: 0.096756 max lat: 3.94082 avg lat: 1.14314
   sec Cur ops   started  finished  avg MB/s  cur MB/s  last lat   avg lat
    40      16       564       548    54.788        52  0.397971   1.14314
    41      16       574       558   54.4271        40     1.071   1.14406
    42      16       589       573   54.5595        60  0.520967    1.1504
    43      16       601       585   54.4068        48  0.478846   1.14158
    44      16       614       598   54.3518        52  0.906186   1.14864
    45      16       625       609   54.1216        44  0.981277   1.14789
    46      16       639       623   54.1622        56   2.29762   1.16053
    47      16       645       629   53.5203        24   1.93775   1.16448
    48      16       661       645   53.7383        64   2.30829   1.17394
    49      16       678       662   54.0291        68  0.354776   1.16794
    50      16       688       672   53.7484        40  0.258822   1.16635
    51      16       702       686   53.7923        56  0.801493   1.16016
    52      16       713       697   53.6038        44   1.33055   1.17071
    53      16       723       707    53.347        40  0.668337   1.17919
    54      16       736       720   53.3218        52   2.02132   1.18455
    55      16       754       738   53.6612        72  0.315493   1.17695
    56      16       766       750   53.5599        48   1.85222   1.17674
    57      16       782       766   53.7429        64   1.17152   1.17582
    58      16       797       781   53.8505        60  0.697142   1.17425
    59      16       809       793   53.7512        48   1.00775   1.17297
2015-02-01 05:41:13.260927min lat: 0.096756 max lat: 4.59658 avg lat: 1.17619
   sec Cur ops   started  finished  avg MB/s  cur MB/s  last lat   avg lat
    60      16       817       801   53.3886        32  0.209711   1.17619
    61      13       818       805   52.7756        16   1.82721   1.17754
 Total time run:         61.417258
Total writes made:      818
Write size:             4194304
Bandwidth (MB/sec):     53.275 

Stddev Bandwidth:       17.2083
Max bandwidth (MB/sec): 100
Min bandwidth (MB/sec): 0
Average Latency:        1.19479
Stddev Latency:         0.850927
Max latency:            4.59658
Min latency:            0.096756
