 Maintaining 16 concurrent writes of 4194304 bytes for up to 60 seconds or 0 objects
 Object prefix: benchmark_data_ceph-radosbench-2_1
   sec Cur ops   started  finished  avg MB/s  cur MB/s  last lat   avg lat
     0       0         0         0         0         0         -         0
     1      16        25         9   35.9857        36  0.710208  0.581127
     2      16        42        26    51.984        68  0.609841  0.866868
     3      15        55        40   53.3198        56   1.57406  0.894421
     4      16        67        51   50.9882        44  0.709379  0.906229
     5      16        75        59   47.1892        32   1.48102  0.996652
     6      16        85        69   45.9898        40   2.54462   1.07014
     7      16        90        74   42.2765        20   1.18555   1.06105
     8      16        93        77   38.4917        12   1.60369   1.06661
     9      16       100        84   37.3254        28  0.737668   1.33331
    10      16       112        96   38.3918        48   0.42034   1.45003
    11      16       129       113   41.0823        68   1.78591   1.43853
    12      16       140       124   41.3247        44   3.50226   1.43017
    13      16       163       147   45.2214        92  0.638127   1.36939
    14      16       171       155   44.2765        32   0.78681   1.34356
    15      16       182       166   44.2575        44  0.295679   1.33373
    16      16       198       182   45.4904        64  0.447593   1.34558
    17      16       209       193   45.4021        44  0.319004   1.32164
    18      16       218       202   44.8794        36  0.410176   1.32928
    19      16       233       217   45.6746        60  0.809743   1.32853
2015-02-01 05:44:06.028589min lat: 0.13622 max lat: 7.46525 avg lat: 1.32073
   sec Cur ops   started  finished  avg MB/s  cur MB/s  last lat   avg lat
    20      16       247       231   46.1902        56  0.809592   1.32073
    21      16       261       245   46.6567        56  0.452765   1.30555
    22      16       278       262   47.6262        68  0.600476    1.2956
    23      16       290       274   47.6421        48  0.300541   1.28898
    24      16       299       283   47.1567        36  0.179611   1.29124
    25      16       310       294     47.03        44  0.746333   1.30322
    26      16       322       306   47.0669        48  0.354881   1.29934
    27      16       331       315   46.6568        36   1.22932   1.29259
    28      16       341       325   46.4187        40   2.50951   1.30942
    29      16       361       345   47.5762        80  0.247286   1.31206
    30      16       371       355   47.3234        40   1.47686   1.31531
    31      16       383       367   47.3449        48  0.270648   1.31677
    32      16       401       385   48.1149        72  0.652435   1.30948
    33      16       413       397   48.1111        48  0.242341   1.30149
    34      16       425       409   48.1076        48   2.03595    1.2998
    35      16       437       421   48.1042        48    3.2138    1.2967
    36      16       448       432   47.9899        44   1.87891   1.30592
    37      16       459       443   47.8819        44   1.60016   1.30917
    38      16       471       455   47.8848        48   1.36762   1.30646
    39      16       488       472   48.4002        68   0.72601   1.29773
2015-02-01 05:44:26.032719min lat: 0.109569 max lat: 7.46525 avg lat: 1.28963
   sec Cur ops   started  finished  avg MB/s  cur MB/s  last lat   avg lat
    40      16       500       484   48.3899        48  0.375126   1.28963
    41      16       513       497   48.4776        52  0.522656   1.28994
    42      16       525       509    48.466        48  0.629869   1.29355
    43      16       539       523   48.6409        56  0.399474   1.27967
    44      16       549       533   48.4444        40  0.271414   1.27817
    45      16       564       548   48.7009        60  0.310722   1.29217
    46      16       576       560   48.6854        48   2.51144   1.29361
    47      16       586       570   48.5004        40   1.20645   1.29241
    48      16       596       580   48.3231        40  0.908051   1.29741
    49      16       614       598    48.806        72  0.314768   1.29178
    50      16       630       614   49.1096        64  0.384502   1.28406
    51      16       642       626   49.0877        48  0.409457   1.27732
    52      16       656       640   49.2204        56   1.18762   1.28251
    53      16       669       653   49.2727        52  0.721023   1.27778
    54      16       682       666    49.323        52   1.91393    1.2805
    55      16       693       677    49.226        44  0.995111   1.27766
    56      16       704       688   49.1325        44   1.57364   1.27758
    57      16       720       704   49.3931        64  0.644635   1.27995
    58      16       730       714    49.231        40   1.84204    1.2786
    59      16       745       729   49.4133        60   1.01836    1.2772
2015-02-01 05:44:46.036962min lat: 0.109569 max lat: 7.46525 avg lat: 1.2806
   sec Cur ops   started  finished  avg MB/s  cur MB/s  last lat   avg lat
    60      16       754       738   49.1897        36   1.66221    1.2806
    61      15       755       740   48.5144         8   1.74258   1.28202
 Total time run:         61.795302
Total writes made:      755
Write size:             4194304
Bandwidth (MB/sec):     48.871 

Stddev Bandwidth:       15.9322
Max bandwidth (MB/sec): 92
Min bandwidth (MB/sec): 0
Average Latency:        1.30803
Stddev Latency:         0.947051
Max latency:            7.46525
Min latency:            0.109569
