 Maintaining 16 concurrent writes of 4194304 bytes for up to 60 seconds or 0 objects
 Object prefix: benchmark_data_ceph-radosbench-1_1
   sec Cur ops   started  finished  avg MB/s  cur MB/s  last lat   avg lat
     0       0         0         0         0         0         -         0
     1      16        31        15   59.9799        60  0.110804  0.229593
     2      15        56        41   81.9793       104  0.437289  0.607003
     3      15        85        70   93.3131       116  0.721067  0.538019
     4      16       123       107   106.978       148  0.355606  0.519812
     5      16       151       135   107.979       112  0.091204  0.534401
     6      16       171       155    103.29        80  0.821385  0.539812
     7      16       201       185   105.674       120  0.099553   0.53814
     8      16       224       208   103.964        92  0.107359  0.553896
     9      16       247       231   102.633        92  0.147267  0.565415
    10      16       267       251   100.369        80  0.479841  0.579763
    11      16       296       280   101.788       116  0.089365  0.607115
    12      16       319       303   100.971        92   1.15571  0.590063
    13      16       355       339   104.279       144   1.51969  0.595693
    14      16       387       371   105.972       128  0.281096  0.591774
    15      16       420       404   107.706       132  0.066211  0.572048
    16      16       439       423   105.724        76  0.650997  0.567081
    17      16       462       446   104.916        92  0.121821  0.574786
    18      16       481       465   103.309        76  0.096951  0.560706
    19      16       503       487   102.503        88  0.182532  0.593384
2014-12-10 02:07:16.707121min lat: 0.065341 max lat: 3.7187 avg lat: 0.598381
   sec Cur ops   started  finished  avg MB/s  cur MB/s  last lat   avg lat
    20      16       537       521   104.176       136  0.254556  0.598381
    21      16       580       564   107.405       172  0.274406  0.585515
    22      16       608       592   107.613       112  0.751329  0.579418
    23      16       635       619   107.629       108  0.799994  0.575202
    24      16       672       656    109.31       148  0.120757  0.566846
    25      16       678       662   105.898        24  0.995545  0.575693
    26      16       701       685   105.363        92  0.113954   0.57397
    27      16       719       703   104.127        72  0.103918  0.581215
    28      16       737       721   102.979        72  0.070004  0.590741
    29      16       757       741   102.186        80  0.714349  0.609826
    30      16       790       774    103.18       132  0.332714  0.609466
    31      16       815       799   103.077       100  0.239826  0.610845
    32      16       846       830    103.73       124  0.272475  0.606593
    33      16       875       859   104.101       116  0.147939  0.606048
    34      16       892       876   103.039        68  0.167313  0.602374
    35      16       905       889   101.581        52  0.069234  0.603605
    36      16       912       896   99.5367        28  0.422036  0.605072
    37      16       927       911   98.4679        60  0.270382  0.616971
    38      16       950       934   98.2974        92  0.203002  0.634884
    39      16       984       968   99.2636       136  0.221023  0.636295
2014-12-10 02:07:36.710010min lat: 0.065341 max lat: 5.37769 avg lat: 0.634608
   sec Cur ops   started  finished  avg MB/s  cur MB/s  last lat   avg lat
    40      16      1015       999   99.8815       124  0.264812  0.634608
    41      16      1046      1030   100.469       124  0.607594  0.630962
    42      16      1077      1061   101.029       124  0.185154  0.626338
    43      16      1093      1077   100.168        64  0.098449  0.623261
    44      16      1124      1108   100.707       124  0.244731  0.627521
    45      16      1149      1133   100.691       100  0.098748  0.625403
    46      16      1167      1151   100.067        72  0.179048  0.623699
    47      15      1193      1178   100.231       108  0.104787  0.626234
    48      16      1224      1208   100.643       120   1.36914  0.627321
    49      16      1242      1226   100.057        72  0.194951  0.630855
    50      16      1266      1250   99.9754        96  0.410382   0.62471
    51      16      1283      1267   99.3482        68   3.11703  0.632607
    52      16      1306      1290   99.2066        92  0.159711  0.632629
    53      16      1335      1319   99.5231       116  0.115567  0.635379
    54      16      1348      1332    98.643        52   0.09902  0.635814
    55      16      1378      1362   99.0309       120  0.200064  0.638523
    56      16      1421      1405   100.333       172  0.153823  0.630431
    57      16      1442      1426   100.047        84  0.155394  0.629784
    58      16      1475      1459   100.597       132  0.108858  0.626464
    59      16      1507      1491   101.061       128   0.22102  0.626324
2014-12-10 02:07:56.716757min lat: 0.065341 max lat: 5.37769 avg lat: 0.625859
   sec Cur ops   started  finished  avg MB/s  cur MB/s  last lat   avg lat
    60      16      1531      1515   100.976        96  0.099911  0.625859
    61      15      1532      1517    99.452         8   1.51697  0.626196
 Total time run:         61.820932
Total writes made:      1532
Write size:             4194304
Bandwidth (MB/sec):     99.125 

Stddev Bandwidth:       35.3769
Max bandwidth (MB/sec): 172
Min bandwidth (MB/sec): 0
Average Latency:        0.641373
Stddev Latency:         0.795122
Max latency:            5.37769
Min latency:            0.065341
