 Maintaining 16 concurrent writes of 4194304 bytes for up to 60 seconds or 0 objects
 Object prefix: benchmark_data_ceph-radosbench-1_1
   sec Cur ops   started  finished  avg MB/s  cur MB/s  last lat   avg lat
     0       0         0         0         0         0         -         0
     1      16        36        20   79.9724        80  0.077462  0.362878
     2      16        56        40   79.9802        80  0.110788   0.51712
     3      16        82        66   87.9809       104  0.100446  0.450151
     4      16        95        79   78.9844        52  0.097696  0.443009
     5      16       103        87   69.5872        32  0.674832  0.441937
     6      16       109        93   61.9892        24  0.811609  0.442859
     7      16       117       101   57.7045        32  0.094365  0.430955
     8      16       117       101   50.4917         0         -  0.430955
     9      16       117       101   44.8818         0         -  0.430955
    10      16       117       101   40.3939         0         -  0.430955
    11      16       117       101   36.7219         0         -  0.430955
    12      16       117       101   33.6619         0         -  0.430955
    13      16       117       101   31.0726         0         -  0.430955
    14      16       117       101   28.8533         0         -  0.430955
    15      16       117       101   26.9298         0         -  0.430955
    16      16       129       113   28.2464   5.33333  0.359733   1.06222
    17      16       148       132   31.0547        76  0.230923   1.58719
    18      16       170       154   34.2176        88  0.068194   1.41162
    19      16       195       179   37.6792       100  0.299767   1.62984
2014-12-10 01:25:33.399213min lat: 0.066585 max lat: 15.4537 avg lat: 1.56417
   sec Cur ops   started  finished  avg MB/s  cur MB/s  last lat   avg lat
    20      16       210       194   38.7948        60  0.421121   1.56417
    21      16       224       208   39.6136        56  0.656467   1.54094
    22      16       244       228   41.4489        80  0.142247   1.47384
    23      16       262       246   42.7768        72  0.240918   1.46019
    24      16       288       272   45.3271       104    1.4889   1.39189
    25      16       303       287   45.9137        60  0.218423   1.34871
    26      16       325       309    47.532        88  0.127338   1.31475
    27      16       341       325   48.1416        64  0.123569   1.27189
    28      16       347       331   47.2793        24  0.874548    1.2593
    29      16       360       344   47.4418        52  0.097916   1.26289
    30      16       371       355   47.3269        44  0.342885    1.2608
    31      16       392       376   48.5095        84   0.20003   1.26308
    32      16       417       401   50.1182       100  0.315347   1.22124
    33      16       438       422   51.1445        84  0.301564   1.21656
    34      16       448       432   50.8166        40   1.22566   1.21148
    35      16       482       466   53.2499       136  0.140639   1.18467
    36      16       500       484   53.7705        72  0.099468   1.15518
    37      16       516       500   54.0468        64  0.181446   1.14135
    38      16       534       518    54.519        72  0.097897   1.11476
    39      16       552       536   54.9669        72   0.43968   1.11126
2014-12-10 01:25:53.401905min lat: 0.065426 max lat: 15.4537 avg lat: 1.13189
   sec Cur ops   started  finished  avg MB/s  cur MB/s  last lat   avg lat
    40      16       565       549   54.8926        52  0.147494   1.13189
    41      16       587       571   55.6998        88  0.499987     1.133
    42      16       612       596   56.7542       100   0.26466   1.10551
    43      16       639       623   57.9457       108  0.223502   1.08704
    44      16       656       640    58.174        68  0.332531   1.07722
    45      16       678       662   58.8365        88  0.336371   1.07047
    46      16       694       678   58.9486        64  0.103863   1.05901
    47      16       712       696    59.226        72    0.2609   1.04255
    48      16       721       705    58.742        36   0.10477   1.05332
    49      16       742       726   59.2573        84  0.093845   1.03906
    50      16       764       748   59.8319        88  0.099231   1.03512
    51      16       785       769   60.3056        84  0.066501   1.04244
    52      16       808       792   60.9148        92  0.068291   1.03683
    53      16       829       813   61.3502        84  0.410983   1.02995
    54      16       853       837   61.9916        96  0.138605   1.02202
    55      16       876       860    62.537        92  0.997659   1.01634
    56      16       895       879   62.7771        76  0.251433    1.0065
    57      16       905       889   62.3774        40  0.641783   1.00401
    58      16       922       906   62.4742        68  0.095953   1.00258
    59      16       942       926    62.771        80  0.166478   1.00279
2014-12-10 01:26:13.404824min lat: 0.065426 max lat: 15.4537 avg lat: 1.00586
   sec Cur ops   started  finished  avg MB/s  cur MB/s  last lat   avg lat
    60      16       963       947   63.1246        84    1.6732   1.00586
    61       9       964       955   62.6143        32  0.639095   1.00582
 Total time run:         61.242175
Total writes made:      964
Write size:             4194304
Bandwidth (MB/sec):     62.963 

Stddev Bandwidth:       34.4986
Max bandwidth (MB/sec): 136
Min bandwidth (MB/sec): 0
Average Latency:        1.01057
Stddev Latency:         1.95745
Max latency:            15.4537
Min latency:            0.065426
