 Maintaining 16 concurrent writes of 4194304 bytes for up to 60 seconds or 0 objects
 Object prefix: benchmark_data_ceph-radosbench-1_1
   sec Cur ops   started  finished  avg MB/s  cur MB/s  last lat   avg lat
     0       0         0         0         0         0         -         0
     1      16        38        22    87.963        88   0.60776  0.520452
     2      16        64        48   95.9674       104  0.630876  0.547836
     3      16        87        71   94.6393        92  0.550267  0.564268
     4      16       110        94   93.9748        92  0.095879  0.592187
     5      16       132       116   92.7758        88  0.181786  0.603194
     6      16       157       141   93.9764       100  0.479962  0.608018
     7      16       187       171   97.6905       120  0.241273  0.621585
     8      16       213       197   98.4762       104  0.335665  0.605361
     9      16       230       214   95.0883        68  0.592314  0.622462
    10      16       252       236   94.3777        88  0.688185  0.644109
    11      16       275       259   94.1597        92  0.706559  0.644105
    12      16       296       280   93.3117        84  0.978442  0.656875
    13      16       320       304   93.5169        96  0.206745  0.659171
    14      16       350       334   95.4067       120  0.339116  0.647647
    15      16       369       353   94.1119        76   0.47452  0.651341
    16      16       389       373   93.2291        80   1.91186   0.66461
    17      16       413       397   93.3908        96  0.249829  0.668769
    18      16       440       424   94.2015       108  0.203619  0.661506
    19      16       464       448   94.2952        96   1.76517   0.66778
2015-02-01 02:48:49.050260min lat: 0.095879 max lat: 2.49627 avg lat: 0.664272
   sec Cur ops   started  finished  avg MB/s  cur MB/s  last lat   avg lat
    20      16       489       473   94.5796       100  0.300819  0.664272
    21      16       515       499    95.027       104   1.44121  0.663502
    22      16       539       523   95.0702        96  0.194826  0.655352
    23      16       561       545    94.762        88   0.63414  0.653515
    24      16       590       574   95.6459       116  0.426813  0.658648
    25      16       606       590   94.3797        64   1.27467  0.660409
    26      16       634       618   95.0565       112  0.243483  0.665828
    27      16       660       644   95.3871       104   1.15277  0.662011
    28      16       681       665   94.9799        84    1.0147  0.662814
    29      16       700       684   94.3248        76  0.283641   0.66429
    30      16       735       719   95.8463       140  0.213622  0.663628
    31      16       758       742   95.4438        92  0.292673  0.659321
    32      16       777       761   94.8376        76  0.257261  0.659029
    33      16       803       787   95.1138       104   2.04972  0.665474
    34      16       827       811   95.1392        96  0.610506  0.663651
    35      16       849       833   94.9352        88  0.257657  0.660981
    36      16       877       861   95.4074       112  0.934534  0.664292
    37      16       904       888   95.7463       108  0.429349  0.657932
    38      16       931       915   96.0674       108  0.202455  0.660996
    39      16       953       937   95.8606        88  0.216355  0.652987
2015-02-01 02:49:09.144603min lat: 0.095879 max lat: 2.49627 avg lat: 0.660156
   sec Cur ops   started  finished  avg MB/s  cur MB/s  last lat   avg lat
    40      16       974       958   95.5643        84   1.79098  0.660156
    41      16      1000       984    95.769       104  0.973354  0.661854
    42      16      1022      1006   95.5839        88  0.103521  0.661891
    43      16      1047      1031   95.6859       100  0.674908  0.662192
    44      16      1073      1057    95.874       104  0.329708  0.660482
    45      16      1098      1082    95.965       100  0.592699  0.659401
    46      16      1121      1105   95.8786        92  0.262294  0.659859
    47      16      1150      1134   96.3053       116  0.327046  0.660839
    48      16      1174      1158   96.2985        96  0.760383  0.659338
    49      16      1201      1185   96.5364       108  0.279969  0.658636
    50      16      1225      1209   96.5253        96  0.995998  0.659003
    51      16      1249      1233   96.5146        96  0.432081  0.655595
    52      16      1271      1255   96.3508        88   1.39527  0.657612
    53      16      1305      1289   97.0971       136  0.239753   0.65582
    54      16      1318      1302   96.2631        52  0.266352   0.65537
    55      16      1343      1327   96.3306       100  0.885391  0.658991
    56      16      1370      1354   96.5382       108  0.405369   0.65799
    57      16      1398      1382   96.8087       112  0.241859  0.657208
    58      16      1420      1404   96.6567        88  0.190028  0.655961
    59      16      1444      1428   96.6453        96  0.361442  0.655937
2015-02-01 02:49:29.148900min lat: 0.095879 max lat: 2.49627 avg lat: 0.656347
   sec Cur ops   started  finished  avg MB/s  cur MB/s  last lat   avg lat
    60      16      1468      1452   96.6342        96  0.445799  0.656347
    61      16      1468      1452   95.0523         0         -  0.656347
 Total time run:         61.186671
Total writes made:      1468
Write size:             4194304
Bandwidth (MB/sec):     95.969 

Stddev Bandwidth:       22.8644
Max bandwidth (MB/sec): 140
Min bandwidth (MB/sec): 0
Average Latency:        0.666826
Stddev Latency:         0.464727
Max latency:            2.49627
Min latency:            0.095879
