 Maintaining 16 concurrent writes of 4194304 bytes for up to 60 seconds or 0 objects
 Object prefix: benchmark_data_ceph-radosbench-1_1
   sec Cur ops   started  finished  avg MB/s  cur MB/s  last lat   avg lat
     0       0         0         0         0         0         -         0
     1      16        37        21   83.9549        84  0.568284  0.504602
     2      16        60        44   87.9664        92  0.233572  0.559097
     3      16        84        68    90.637        96  0.753861  0.614672
     4      16       101        85   84.9749        68  0.296378  0.646931
     5      16       120       104    83.177        76  0.696893  0.677818
     6      16       131       115   76.6464        44   1.77813  0.696764
     7      16       161       145    82.836       120  0.505542  0.729837
     8      16       182       166    82.979        84  0.673408  0.719758
     9      15       203       188   83.5354        88   1.31972  0.726055
    10      16       218       202   80.7812        56  0.239943  0.744868
    11      16       239       223   81.0725        84  0.293335  0.749125
    12      16       244       228    75.983        20  0.800993  0.750493
    13      16       269       253   77.8265       100  0.462215  0.797469
    14      16       291       275    78.552        88  0.625716  0.783363
    15      16       313       297   79.1809        88  0.331158   0.78012
    16      16       330       314   78.4812        68   1.34563  0.780852
    17      16       352       336   79.0403        88  0.742776  0.788954
    18      16       368       352    78.204        64  0.529022  0.784451
    19      16       388       372   78.2976        80  0.601069  0.789014
2015-02-01 02:36:25.361693min lat: 0.10956 max lat: 2.41326 avg lat: 0.785112
   sec Cur ops   started  finished  avg MB/s  cur MB/s  last lat   avg lat
    20      16       415       399   79.7818       108  0.399573  0.785112
    21      16       436       420   79.9817        84  0.794657  0.782991
    22      16       455       439   79.7999        76   0.73969  0.784324
    23      16       477       461   80.1557        88  0.926872  0.786553
    24      16       488       472   78.6489        44   1.16508   0.78538
    25      16       510       494   79.0223        88  0.286901  0.791715
    26      16       536       520   79.9823       104  0.255067  0.782981
    27      16       554       538    79.686        72  0.625532  0.783398
    28      16       574       558   79.6966        80  0.246354  0.787019
    29      16       596       580   79.9822        88  0.510673  0.787739
    30      16       613       597   79.5825        68  0.850699  0.790219
    31      16       635       619   79.8536        88  0.564112   0.79341
    32      16       655       639   79.8577        80   0.26043  0.788216
    33      16       684       668   80.9523       116   1.19692  0.782163
    34      16       702       686   80.6887        72  0.399318  0.777351
    35      16       722       706   80.6686        80   2.47054  0.781164
    36      16       736       720   79.9831        56   1.12466  0.790081
    37      16       762       746   80.6316       104   0.89977  0.786214
    38      16       784       768    80.825        88  0.301432  0.781019
    39      16       804       788   80.8033        80  0.190013  0.781412
2015-02-01 02:36:45.365561min lat: 0.09997 max lat: 2.70388 avg lat: 0.782668
   sec Cur ops   started  finished  avg MB/s  cur MB/s  last lat   avg lat
    40      16       824       808    80.783        80  0.933951  0.782668
    41      16       845       829   80.8611        84   1.21457  0.783409
    42      16       859       843   80.2688        56  0.674037  0.784107
    43      16       880       864   80.3552        84   1.32824  0.786483
    44      16       905       889   80.8014       100    0.2481  0.785056
    45      16       919       903     80.25        56   1.59936  0.783624
    46      16       936       920   79.9836        68  0.518789  0.781128
    47      16       957       941   80.0686        84  0.658986  0.791369
    48      16       975       959   79.9003        72   1.10793  0.794266
    49      16       988       972   79.3307        52  0.284756  0.793489
    50      16      1010       994   79.5038        88  0.350277  0.795374
    51      16      1038      1022   80.1405       112  0.852285  0.793392
    52      16      1054      1038   79.8299        64   1.02229   0.79136
    53      16      1067      1051   79.3045        52   0.31637  0.791514
    54      16      1088      1072   79.3911        84  0.379274  0.799162
    55      16      1103      1087   79.0383        60  0.763049  0.798739
    56      16      1131      1115   79.6265       112    0.8107  0.798546
    57      16      1149      1133   79.4924        72  0.198177  0.796224
    58      16      1166      1150   79.2941        68   1.90925  0.797449
    59      16      1171      1155    78.289        20   1.15753  0.795989
2015-02-01 02:37:05.369470min lat: 0.09997 max lat: 3.46901 avg lat: 0.809368
   sec Cur ops   started  finished  avg MB/s  cur MB/s  last lat   avg lat
    60      16      1186      1170    77.984        60   1.70679  0.809368
    61       8      1187      1179   77.2955        36  0.995978  0.813887
 Total time run:         61.175742
Total writes made:      1187
Write size:             4194304
Bandwidth (MB/sec):     77.612 

Stddev Bandwidth:       22.9782
Max bandwidth (MB/sec): 120
Min bandwidth (MB/sec): 0
Average Latency:        0.822986
Stddev Latency:         0.566345
Max latency:            3.74465
Min latency:            0.09997
