 Maintaining 16 concurrent writes of 4194304 bytes for up to 60 seconds or 0 objects
 Object prefix: benchmark_data_ceph-radosbench-1_1
   sec Cur ops   started  finished  avg MB/s  cur MB/s  last lat   avg lat
     0       0         0         0         0         0         -         0
     1      16        38        22   87.9646        88  0.984551  0.500642
     2      16        61        45   89.9741        92  0.528657  0.515347
     3      16        89        73   97.3089       112  0.287631  0.590031
     4      16       115        99   98.9788       104  0.417857  0.586701
     5      16       146       130   103.979       124   0.61207  0.578224
     6      16       172       156   103.979       104  0.807019  0.583474
     7      16       198       182   103.978       104  0.643926  0.587585
     8      16       224       208   103.978       104  0.853266  0.584879
     9      16       246       230   102.201        88  0.343919  0.588037
    10      16       267       251   100.379        84  0.775972  0.605453
    11      16       296       280   101.797       116  0.453476  0.606167
    12      16       321       305   101.646       100  0.294409  0.608228
    13      16       352       336   103.364       124   1.62698  0.606438
    14      16       375       359   102.552        92  0.858577  0.602825
    15      16       403       387    103.18       112  0.272944  0.612113
    16      16       425       409   102.231        88    1.3286  0.607666
    17      16       456       440    103.51       124  0.352846  0.605852
    18      16       483       467   103.758       108  0.299066  0.602074
    19      16       513       497   104.612       120  0.513659  0.600509
2015-02-01 03:00:22.346104min lat: 0.105757 max lat: 1.91701 avg lat: 0.599558
   sec Cur ops   started  finished  avg MB/s  cur MB/s  last lat   avg lat
    20      16       532       516   103.181        76  0.347449  0.599558
    21      16       556       540   102.838        96  0.251808  0.610016
    22      16       580       564   102.526        96  0.369016   0.60891
    23      16       607       591   102.763       108  0.356986   0.60504
    24      16       642       626   104.314       140  0.340866  0.606107
    25      16       665       649   103.821        92  0.342413  0.601858
    26      16       690       674   103.673       100  0.427497  0.599487
    27      16       716       700   103.685       104    1.5212  0.609599
    28      16       737       721   102.981        84  0.253514  0.609588
    29      16       758       742   102.326        84   1.17677  0.611559
    30      16       781       765   101.981        92  0.260835  0.610725
    31      16       809       793   102.146       112    2.1332  0.615405
    32      16       831       815   101.704        88   0.69981  0.617915
    33      16       859       843   102.015       112  0.591779  0.619444
    34      16       886       870   102.191       108  0.183135  0.618345
    35      16       908       892   101.785        88  0.434586  0.618608
    36      16       935       919   101.957       108  0.377226  0.620577
    37      16       963       947   102.228       112   1.35131  0.621682
    38      16       984       968   101.748        84  0.576699  0.621367
    39      16      1011       995   101.908       108  0.625827  0.620661
2015-02-01 03:00:42.397389min lat: 0.104014 max lat: 2.70006 avg lat: 0.616846
   sec Cur ops   started  finished  avg MB/s  cur MB/s  last lat   avg lat
    40      16      1044      1028   102.659       132  0.803484  0.616846
    41      16      1073      1057   102.983       116  0.479296  0.616792
    42      16      1094      1078   102.531        84   0.84577  0.616192
    43      16      1120      1104   102.565       104  0.377054   0.61525
    44      16      1146      1130   102.597       104  0.295082  0.617179
    45      16      1178      1162    103.16       128  0.228707  0.615933
    46      16      1203      1187   103.091       100  0.353581  0.611459
    47      16      1229      1213    103.11       104  0.641784  0.612528
    48      16      1253      1237   102.962        96  0.206073   0.61357
    49      16      1285      1269   103.472       128  0.326144  0.613997
    50      16      1292      1276   101.964        28   1.92377  0.613737
    51      16      1316      1300   101.847        96  0.395469  0.622722
    52      16      1343      1327   101.965       108  0.187361  0.621878
    53      16      1376      1360    102.53       132  0.378623   0.62155
    54      16      1405      1389   102.779       116  0.599453  0.619666
    55      16      1430      1414   102.729       100  0.396299   0.61885
    56      16      1446      1430   102.037        64  0.096069  0.618037
    57      16      1481      1465   102.702       140  0.499051  0.620409
    58      16      1501      1485   102.311        80  0.856938  0.619836
    59      16      1529      1513   102.475       112  0.421708  0.621196
2015-02-01 03:01:02.400888min lat: 0.096069 max lat: 2.70006 avg lat: 0.620334
   sec Cur ops   started  finished  avg MB/s  cur MB/s  last lat   avg lat
    60      16      1556      1540   102.567       108  0.397234  0.620334
 Total time run:         60.668363
Total writes made:      1556
Write size:             4194304
Bandwidth (MB/sec):     102.591 

Stddev Bandwidth:       22.6822
Max bandwidth (MB/sec): 140
Min bandwidth (MB/sec): 0
Average Latency:        0.623373
Stddev Latency:         0.445298
Max latency:            2.70006
Min latency:            0.096069
