 Maintaining 16 concurrent writes of 4194304 bytes for up to 60 seconds or 0 objects
 Object prefix: benchmark_data_ceph-radosbench-1_1
   sec Cur ops   started  finished  avg MB/s  cur MB/s  last lat   avg lat
     0       0         0         0         0         0         -         0
     1      16        37        21     83.97        84  0.712549   0.50103
     2      16        67        51    101.97       120  0.666273  0.523838
     3      16        90        74   98.6404        92  0.380774  0.545867
     4      16       119       103   102.974       116  0.372404  0.568027
     5      16       142       126   100.776        92   1.62007  0.558993
     6      16       170       154   102.643       112  0.175411   0.56617
     7      16       200       184   105.118       120  0.218316  0.574063
     8      16       229       213   106.475       116  0.875388  0.567101
     9      16       256       240   106.642       108  0.270906  0.569535
    10      16       284       268   107.175       112  0.479613  0.565846
    11      16       315       299   108.702       124  0.724752  0.569504
    12      16       342       326   108.642       108   1.37366   0.56697
    13      16       371       355   109.206       116   1.84955  0.568459
    14      16       398       382   109.118       108   0.69404  0.567744
    15      16       424       408   108.776       104  0.307818  0.571832
    16      16       452       436   108.976       112  0.467538    0.5774
    17      16       478       462   108.682       104   0.33495   0.57233
    18      16       502       486   107.977        96  0.210941  0.575174
    19      16       534       518   109.029       128   0.32847  0.576533
2015-02-01 03:16:52.403101min lat: 0.147425 max lat: 2.29689 avg lat: 0.570855
   sec Cur ops   started  finished  avg MB/s  cur MB/s  last lat   avg lat
    20      16       566       550   109.976       128  0.275925  0.570855
    21      16       590       574    109.31        96  0.301864  0.573517
    22      16       618       602   109.431       112   1.53119  0.572447
    23      16       641       625   108.672        92    0.2713  0.569645
    24      15       670       655   109.143       120  0.477778  0.577457
    25      16       701       685   109.576       120  0.403403  0.576493
    26      16       731       715   109.976       120  0.235846   0.57492
    27      16       754       738    109.31        92  0.258298  0.574045
    28      16       784       768   109.691       120  0.580202  0.575075
    29      16       812       796   109.769       112  0.207384  0.575852
    30      16       840       824   109.843       112  0.872607  0.572918
    31      16       870       854    110.17       120  0.278365   0.57504
    32      16       897       881   110.101       108  0.364986  0.574377
    33      16       922       906   109.795       100  0.326943  0.574083
    34      16       951       935   109.976       116  0.369998   0.57529
    35      16       981       965   110.262       120  0.463661  0.574131
    36      16      1009       993    110.31       112  0.451545  0.575114
    37      16      1035      1019   110.139       104  0.438475  0.574011
    38      16      1066      1050   110.503       124  0.443263  0.574559
    39      16      1093      1077   110.438       108  0.914325  0.575407
2015-02-01 03:17:12.407255min lat: 0.099796 max lat: 2.29689 avg lat: 0.57476
   sec Cur ops   started  finished  avg MB/s  cur MB/s  last lat   avg lat
    40      16      1118      1102   110.177       100  0.506959   0.57476
    41      16      1145      1129   110.123       108  0.289947  0.575524
    42      16      1171      1155   109.977       104  0.324679  0.576555
    43      16      1204      1188   110.488       132  0.447916  0.574063
    44      16      1233      1217   110.613       116  0.640606  0.573664
    45      16      1260      1244   110.554       108   1.27299  0.574412
    46      16      1283      1267   110.151        92  0.285246  0.572933
    47      16      1315      1299    110.53       128  0.313477  0.573998
    48      16      1338      1322   110.143        92  0.213254   0.57293
    49      16      1365      1349   110.099       108  0.207471  0.573907
    50      16      1397      1381   110.456       128  0.515684  0.575952
    51      16      1425      1409   110.486       112  0.500165  0.575014
    52      16      1453      1437   110.515       112  0.260578  0.574372
    53      16      1484      1468   110.769       124   0.48659  0.574185
    54      16      1512      1496   110.791       112  0.346967  0.575037
    55      16      1536      1520   110.522        96  0.322338   0.57398
    56      16      1567      1551   110.762       124   1.06894  0.573635
    57      16      1593      1577   110.643       104  0.400377   0.57379
    58      16      1620      1604   110.597       108  0.464219  0.574412
    59      16      1650      1634   110.756       120  0.276598  0.574255
2015-02-01 03:17:32.411545min lat: 0.099796 max lat: 2.29689 avg lat: 0.573642
   sec Cur ops   started  finished  avg MB/s  cur MB/s  last lat   avg lat
    60      16      1675      1659   110.576       100  0.410999  0.573642
    61      15      1675      1660   108.829         4    1.4391  0.574164
 Total time run:         61.086888
Total writes made:      1675
Write size:             4194304
Bandwidth (MB/sec):     109.680 

Stddev Bandwidth:       22.2583
Max bandwidth (MB/sec): 132
Min bandwidth (MB/sec): 0
Average Latency:        0.582852
Stddev Latency:         0.38044
Max latency:            2.48752
Min latency:            0.099796
