 Maintaining 16 concurrent writes of 4194304 bytes for up to 60 seconds or 0 objects
 Object prefix: benchmark_data_ceph-radosbench-1_1
   sec Cur ops   started  finished  avg MB/s  cur MB/s  last lat   avg lat
     0       0         0         0         0         0         -         0
     1      16        40        24   95.9609        96   0.48895  0.363209
     2      16        48        32   63.9793        32  0.102851  0.320914
     3      16        48        32   42.6545         0         -  0.320914
     4      16        48        32   31.9917         0         -  0.320914
     5      16        48        32   25.5937         0         -  0.320914
     6      16        48        32   21.3286         0         -  0.320914
     7      16        48        32   18.2818         0         -  0.320914
     8      16        68        52   25.9946   13.3333   6.47773     2.245
     9      16        96        80   35.5483       112  0.915832   1.72071
    10      16       126       110    43.991       120  0.402402   1.41251
    11      16       149       133   48.3538        92  0.784738   1.27177
    12      16       179       163   54.3222       120  0.358981   1.14458
    13      16       205       189   58.1419       104  0.626278   1.06554
    14      16       238       222   63.4155       132  0.507689  0.994085
    15      16       264       248   66.1197       104  0.509908  0.946665
    16      16       290       274   68.4858       104   1.23808  0.910577
    17      16       320       304   71.5147       120  0.315936  0.874779
    18      16       347       331   73.5399       108  0.379543  0.851967
    19      16       374       358   75.3524       108  0.982281  0.831082
2015-02-01 03:36:01.228490min lat: 0.10023 max lat: 7.3669 avg lat: 0.813948
   sec Cur ops   started  finished  avg MB/s  cur MB/s  last lat   avg lat
    20      16       403       387   77.3836       116  0.533933  0.813948
    21      16       429       413   78.6499       104   0.70632  0.799911
    22      16       457       441   80.1648       112  0.682007   0.78087
    23      16       484       468   81.3743       108  0.411599  0.775245
    24      16       514       498   82.9829       120  0.480757  0.760111
    25      16       537       521   83.3427        92  0.997327  0.751768
    26      16       572       556   85.5208       140  0.563853  0.738101
    27      16       598       582   86.2043       104  0.685506  0.733043
    28      16       624       608   86.8388       104  0.315185  0.724653
    29      16       653       637    87.843       116  0.426555  0.718822
    30      16       682       666   88.7805       116  0.746227   0.71319
    31      16       712       696   89.5501       120     0.972  0.708696
    32      16       738       722   89.9998       104  0.386017   0.70176
    33      16       769       753   91.0269       124  0.554069  0.696418
    34      16       800       784   91.9936       124  0.514194  0.690481
    35      16       824       808   92.1074        96  0.233608  0.685912
    36      16       852       836   92.6582       112  0.414036  0.681511
    37      16       883       867   93.5027       124  0.562745  0.681749
    38      16       908       892   93.6727       100   0.53718  0.675616
    39      16       935       919   94.0387       108  0.634995  0.674229
2015-02-01 03:36:21.314726min lat: 0.10023 max lat: 7.3669 avg lat: 0.669983
   sec Cur ops   started  finished  avg MB/s  cur MB/s  last lat   avg lat
    40      16       962       946   94.3865       108  0.344152  0.669983
    41      16       994       978   95.2039       128  0.340918  0.667724
    42      16      1016      1000   95.0324        88   0.29102  0.664346
    43      16      1045      1029   95.5185       116  0.317287  0.665629
    44      16      1074      1058   95.9826       116  0.583583  0.662505
    45      16      1101      1085   96.2487       108  0.461557  0.660197
    46      16      1128      1112   96.5032       108  0.442393  0.657228
    47      15      1157      1142   97.0018       120  0.661981  0.655918
    48      16      1176      1160   96.4815        72  0.235817  0.653677
    49      16      1209      1193   97.2046       132  0.215965  0.655771
    50      16      1236      1220   97.4198       108  0.309974  0.653818
    51      16      1261      1245   97.4699       100  0.365961  0.651581
    52      16      1292      1276   97.9789       124   0.54303   0.64955
    53      16      1320      1304   98.2424       112  0.428779   0.64809
    54      16      1340      1324   97.9048        80   1.23759  0.646983
    55      16      1374      1358   98.5961       136  0.286134  0.646359
    56      16      1401      1385   98.7634       108   1.29014   0.64416
    57      16      1429      1413    98.995       112  0.988821  0.643963
    58      16      1455      1439   99.0808       104  0.660378  0.641596
    59      16      1484      1468   99.3667       116  0.414082  0.640588
2015-02-01 03:36:41.318637min lat: 0.10023 max lat: 7.3669 avg lat: 0.639391
   sec Cur ops   started  finished  avg MB/s  cur MB/s  last lat   avg lat
    60      16      1510      1494   99.4436       104   0.44865  0.639391
 Total time run:         60.610992
Total writes made:      1510
Write size:             4194304
Bandwidth (MB/sec):     99.652 

Stddev Bandwidth:       37.955
Max bandwidth (MB/sec): 140
Min bandwidth (MB/sec): 0
Average Latency:        0.641529
Stddev Latency:         0.715988
Max latency:            7.3669
Min latency:            0.10023
