 Maintaining 16 concurrent writes of 4194304 bytes for up to 60 seconds or 0 objects
 Object prefix: benchmark_data_ceph-radosbench-1_1
   sec Cur ops   started  finished  avg MB/s  cur MB/s  last lat   avg lat
     0       0         0         0         0         0         -         0
     1      16        30        14   55.9832        56  0.310081  0.467851
     2      16        51        35   69.9844        84  0.435501  0.678239
     3      16        62        46   61.3214        44  0.714569  0.760226
     4      16        72        56   55.9897        40   2.30063  0.894388
     5      16        81        65   51.9908        36   1.52012  0.982923
     6      16        95        79   52.6579        56    1.0112   1.06239
     7      16       113        97   55.4196        72   1.24234   1.07734
     8      16       132       116    57.991        76  0.345841   1.02493
     9      16       148       132   58.6577        64   1.40458   1.01669
    10      16       157       141   56.3916        36   1.38473    1.0433
    11      16       163       147   53.4467        24    2.0915   1.06049
    12      16       175       159   52.9925        48   1.46901   1.12075
    13      16       191       175   53.8384        64   1.66421   1.13706
    14      16       209       193   55.1349        72   1.05132    1.1229
    15      16       224       208   55.4586        60   1.01228   1.11119
    16      16       234       218   54.4921        40   0.31296   1.10754
    17      16       247       231   54.3451        52    1.4063   1.12813
    18      16       256       240   53.3256        36  0.362819   1.14224
    19      16       267       251   52.8344        44  0.465204   1.15244
2014-12-09 23:01:19.953316min lat: 0.128935 max lat: 3.58174 avg lat: 1.16275
   sec Cur ops   started  finished  avg MB/s  cur MB/s  last lat   avg lat
    20      16       280       264   52.7922        52  0.385543   1.16275
    21      16       300       284   54.0871        80  0.151285   1.15222
    22      16       312       296   53.8101        48  0.351013   1.14662
    23      16       322       306   53.2094        40    2.0444   1.15627
    24      16       337       321    53.492        60  0.585932   1.15358
    25      16       338       322   51.5123         4  0.569859   1.15177
    26      16       353       337   51.8384        60   2.23214   1.19107
    27      16       370       354   52.4366        68  0.285278   1.19706
    28      16       389       373   53.2776        76  0.331948   1.17519
    29      16       399       383   52.8195        40   1.32839   1.17391
    30      16       414       398   53.0585        60  0.629775   1.17468
    31      16       424       408   52.6371        40  0.581336   1.17373
    32      16       432       416   51.9921        32  0.594927   1.18077
    33      16       449       433   52.4768        68  0.628697   1.19783
    34      16       469       453    53.286        80  0.986427   1.18717
    35      16       481       465   53.1347        48  0.507107   1.17745
    36      16       498       482   53.5474        68  0.916686   1.17965
    37      16       513       497   53.7215        60   1.02122   1.17128
    38      16       522       506    53.255        36  0.593573   1.16535
    39      16       533       517   53.0176        44   1.49526   1.17632
2014-12-09 23:01:39.956431min lat: 0.120145 max lat: 3.58174 avg lat: 1.17188
   sec Cur ops   started  finished  avg MB/s  cur MB/s  last lat   avg lat
    40      16       546       530   52.9919        52  0.569559   1.17188
    41      16       559       543   52.9675        52  0.675744   1.17102
    42      16       573       557   53.0395        56  0.405813   1.18453
    43      16       588       572   53.2012        60  0.542611   1.18331
    44      16       605       589   53.5373        68  0.299527   1.18191
    45      16       612       596   52.9697        28   1.50559   1.18435
    46      16       626       610   53.0354        56   1.39917   1.19185
    47      16       637       621   52.8431        44   1.03649   1.19079
    48      16       647       631   52.5754        40  0.637333   1.19188
    49      16       664       648     52.89        68   1.87752     1.198
    50      16       678       662    52.952        56  0.573875   1.19075
    51      16       687       671   52.6195        36  0.446127   1.18439
    52      16       699       683   52.5305        48  0.764271   1.19461
    53      16       715       699   52.7468        64  0.281129   1.19695
    54      16       728       712   52.7328        52  0.799734   1.19632
    55      16       738       722   52.5012        40    1.0148   1.20082
    56      16       753       737   52.6349        60  0.145255   1.19356
    57      16       762       746    52.343        36  0.481869   1.19021
    58      16       769       753   51.9232        28   3.50767   1.19471
    59      16       781       765   51.8566        48  0.305378   1.19315
2014-12-09 23:01:59.959328min lat: 0.107784 max lat: 3.97618 avg lat: 1.20528
   sec Cur ops   started  finished  avg MB/s  cur MB/s  last lat   avg lat
    60      16       796       780   51.9922        60  0.304224   1.20528
    61      16       797       781   51.2054         4   4.48219   1.20947
    62      13       797       784   50.5731        12   2.75704   1.21502
    63      13       797       784   49.7703         0         -   1.21502
 Total time run:         63.785402
Total writes made:      797
Write size:             4194304
Bandwidth (MB/sec):     49.980 

Stddev Bandwidth:       19.1502
Max bandwidth (MB/sec): 84
Min bandwidth (MB/sec): 0
Average Latency:        1.27165
Stddev Latency:         0.90949
Max latency:            7.74159
Min latency:            0.107784
