 Maintaining 16 concurrent writes of 4194304 bytes for up to 60 seconds or 0 objects
 Object prefix: benchmark_data_ceph-radosbench-1_1
   sec Cur ops   started  finished  avg MB/s  cur MB/s  last lat   avg lat
     0       0         0         0         0         0         -         0
     1      16        38        22    87.967        88  0.555871  0.468696
     2      16        61        45   89.9729        92  0.658749  0.532398
     3      16        80        64   85.3112        76  0.162738  0.637407
     4      16       107        91   90.9777       108   0.33026  0.632556
     5      16       125       109   87.1791        72  0.289533  0.659821
     6      16       137       121   80.6478        48   1.00447  0.708363
     7      16       167       151   86.2666       120  0.533429  0.710801
     8      16       182       166   82.9816        60   0.98198  0.708947
     9      16       200       184   81.7604        72  0.272222  0.720774
    10      16       224       208   83.1824        96  0.210553  0.735996
    11      16       240       224   81.4368        64  0.331716  0.741946
    12      16       249       233   77.6497        36   0.92307  0.746288
    13      16       268       252   77.5219        76  0.324938  0.781215
    14      16       295       279   79.6974       108  0.513292  0.779937
    15      16       312       296    78.917        68  0.281912  0.781289
    16      16       339       323   80.7337       108  0.295018   0.77201
    17      16       359       343   80.6895        80  0.580333  0.767478
    18      16       374       358   79.5396        60  0.848453  0.775022
    19      16       393       377   79.3525        76  0.259181   0.78017
2015-02-01 02:31:35.709333min lat: 0.092733 max lat: 2.65808 avg lat: 0.779748
   sec Cur ops   started  finished  avg MB/s  cur MB/s  last lat   avg lat
    20      16       418       402   80.3839       100   0.28696  0.779748
    21      16       445       429    81.698       108  0.598655  0.773422
    22      16       470       454   82.5291       100  0.649138  0.765055
    23      16       490       474   82.4186        80  0.845754  0.764019
    24      16       502       486   80.9842        48  0.181472  0.757484
    25      16       514       498   79.6645        48   1.49452  0.780661
    26      16       534       518   79.6768        80  0.225989  0.790171
    27      16       558       542   80.2808        96  0.294606  0.784332
    28      16       580       564   80.5559        88  0.246099  0.778668
    29      16       602       586    80.812        88  0.799857   0.77926
    30      16       624       608   81.0512        88   0.51516   0.77706
    31      16       633       617   79.5976        36  0.991241  0.780255
    32      16       653       637   79.6096        80  0.214846  0.789478
    33      16       681       665   80.5904       112  0.399093  0.787218
    34      16       704       688   80.9254        92  0.221248  0.779036
    35      16       728       712   81.3557        96   0.40489   0.77783
    36      16       748       732   81.3177        80  0.326199  0.776012
    37      16       767       751   81.1735        76  0.460366  0.777558
    38      16       784       768   80.8266        68  0.280305  0.778036
    39      16       800       784   80.3949        64  0.206575  0.781787
2015-02-01 02:31:55.712972min lat: 0.092733 max lat: 2.65808 avg lat: 0.783396
   sec Cur ops   started  finished  avg MB/s  cur MB/s  last lat   avg lat
    40      16       826       810   80.9845       104   1.26428  0.783396
    41      16       846       830   80.9601        80   1.14528  0.782183
    42      16       867       851   81.0321        84  0.562283  0.782604
    43      16       883       867   80.6357        64  0.401472  0.777574
    44      16       897       881   80.0757        56  0.207923  0.779643
    45      16       917       901   80.0737        80  0.223081  0.788481
    46      16       940       924   80.3325        92  0.199813   0.78635
    47      16       961       945   80.4102        84  0.506784  0.786212
    48      16       978       962   80.1513        68  0.239007  0.786498
    49      16       998       982   80.1479        80  0.740743  0.790321
    50      16      1018      1002   80.1446        80   1.57574  0.791429
    51      16      1035      1019   79.9062        68  0.332853  0.791555
    52      16      1052      1036   79.6769        68   0.58185  0.791047
    53      16      1073      1057   79.7581        84  0.263449  0.793017
    54      16      1092      1076   79.6883        76  0.949843  0.795654
    55      16      1117      1101   80.0573       100   0.49004  0.795062
    56      16      1133      1117   79.7703        64   1.08581  0.794008
    57      16      1149      1133   79.4934        64  0.253866  0.795874
    58      16      1169      1153   79.5019        80    0.3541   0.79529
    59      16      1184      1168   79.1711        60  0.298989  0.797316
2015-02-01 02:32:15.716926min lat: 0.092733 max lat: 2.91005 avg lat: 0.799174
   sec Cur ops   started  finished  avg MB/s  cur MB/s  last lat   avg lat
    60      16      1197      1181   78.7181        52  0.279278  0.799174
    61       8      1198      1190   78.0176        36  0.852472  0.804929
 Total time run:         61.018867
Total writes made:      1198
Write size:             4194304
Bandwidth (MB/sec):     78.533 

Stddev Bandwidth:       21.5934
Max bandwidth (MB/sec): 120
Min bandwidth (MB/sec): 0
Average Latency:        0.812895
Stddev Latency:         0.534276
Max latency:            3.3671
Min latency:            0.092733
