 Maintaining 16 concurrent writes of 4194304 bytes for up to 60 seconds or 0 objects
 Object prefix: benchmark_data_ceph-radosbench-1_1
   sec Cur ops   started  finished  avg MB/s  cur MB/s  last lat   avg lat
     0       0         0         0         0         0         -         0
     1      16        34        18   71.9786        72  0.954981  0.469947
     2      16        57        41   81.9819        92  0.367818  0.457761
     3      16        88        72   95.9819       124  0.194635  0.575785
     4      16       114        98   97.9823       104  0.199465  0.584921
     5      16       139       123   98.3829       100  0.367757  0.563264
     6      16       171       155   103.315       128  0.558773  0.573127
     7      16       187       171   97.6974        64   0.12371  0.575655
     8      16       201       185   92.4844        56  0.185652  0.595089
     9      16       214       198   87.9858        52  0.096418  0.571652
    10      16       214       198   79.1877         0         -  0.571652
    11      16       214       198   71.9892         0         -  0.571652
    12      16       233       217   72.3228   25.3333  0.097411  0.603097
    13      16       256       240   73.8354        92  0.305943  0.704492
    14      16       272       256   73.1322        64  0.096639  0.835006
    15      16       296       280   74.6556        96  0.559571  0.820427
    16      16       313       297    74.239        68   1.80787  0.815685
    17      16       329       313   73.6362        64  0.099303  0.800037
    18      16       341       325   72.2115        48  0.093523  0.798077
    19      16       342       326   68.6216         4  0.093894  0.795917
2014-12-11 00:16:37.562991min lat: 0.093498 max lat: 6.05541 avg lat: 0.795917
   sec Cur ops   started  finished  avg MB/s  cur MB/s  last lat   avg lat
    20      16       342       326   65.1907         0         -  0.795917
    21      16       348       332   63.2292        12  0.096637  0.831686
    22      16       348       332   60.3552         0         -  0.831686
    23      16       359       343    59.644        22   6.89123  0.907355
    24      16       378       362   60.3251        76   6.40071   0.99334
    25      16       402       386   61.7516        96  0.164971   1.00068
    26      16       417       401   61.6839        60  0.631515  0.989663
    27      16       447       431   63.8432       120  0.359646  0.972024
    28      16       475       459   65.5626       112   1.93651  0.959493
    29      16       501       485   66.8875       104  0.393882  0.931738
    30      16       510       494   65.8578        36  0.175676  0.918896
    31      16       510       494   63.7334         0         -  0.918896
    32      16       517       501   62.6167        14  0.094918  0.933449
    33      16       521       505    61.204        16  0.093529  0.927407
    34      16       521       505    59.404         0         -  0.927407
    35      16       521       505   57.7068         0         -  0.927407
    36      16       546       530   58.8813   33.3333   7.07237   1.00965
    37      16       568       552    59.668        88  0.176586   1.04256
    38      16       595       579   60.9395       108   0.13929   1.02537
    39      16       619       603   61.8382        96  0.293549   1.00331
2014-12-11 00:16:57.565315min lat: 0.093257 max lat: 7.66692 avg lat: 0.99884
   sec Cur ops   started  finished  avg MB/s  cur MB/s  last lat   avg lat
    40      16       643       627   62.6919        96  0.544097   0.99884
    41      16       669       653    63.699       104  0.385941   0.99037
    42      16       689       673   64.0869        80  0.108677  0.966721
    43      16       698       682   63.4336        36  0.094145  0.968045
    44      16       724       708   64.3553       104  0.116155   0.94196
    45      16       742       726   64.5249        72  0.115628  0.921217
    46      16       764       748    65.035        88   0.12355  0.919716
    47      16       784       768   65.3532        80  0.168968  0.923667
    48      16       810       794   66.1581       104  0.374634   0.94568
    49      16       833       817   66.6852        92  0.144437  0.947547
    50      16       859       843   67.4312       104  0.327699  0.936999
    51      16       876       860   67.4421        68   1.84538  0.935757
    52      16       900       884    67.991        96  0.235081  0.921537
    53      16       919       903    68.142        76  0.129029  0.913931
    54      16       930       914   67.6948        44  0.106281  0.906288
    55      16       939       923   67.1185        36  0.095294  0.913303
    56      16       945       929   66.3485        24   0.09771  0.909201
    57      16       964       948   66.5177        76  0.147868  0.927739
    58      16       992       976   67.3016       112  0.187236  0.932096
    59      16      1014       998   67.6522        88   2.49061  0.933829
2014-12-11 00:17:17.567953min lat: 0.093191 max lat: 7.66692 avg lat: 0.928705
   sec Cur ops   started  finished  avg MB/s  cur MB/s  last lat   avg lat
    60      16      1023      1007   67.1246        36   0.15093  0.928705
    61      16      1024      1008   66.0898         4   3.19124  0.930949
    62      15      1024      1009   65.0884         4    3.5359  0.933531
    63      15      1024      1009   64.0553         0         -  0.933531
    64      15      1024      1009   63.0544         0         -  0.933531
    65      15      1024      1009   62.0844         0         -  0.933531
    66      15      1024      1009   61.1437         0         -  0.933531
 Total time run:         66.206382
Total writes made:      1024
Write size:             4194304
Bandwidth (MB/sec):     61.867 

Stddev Bandwidth:       41.4239
Max bandwidth (MB/sec): 128
Min bandwidth (MB/sec): 0
Average Latency:        1.02964
Stddev Latency:         1.78042
Max latency:            8.73947
Min latency:            0.093191
