 Maintaining 16 concurrent writes of 4194304 bytes for up to 60 seconds or 0 objects
 Object prefix: benchmark_data_ceph-radosbench-1_1
   sec Cur ops   started  finished  avg MB/s  cur MB/s  last lat   avg lat
     0       0         0         0         0         0         -         0
     1      16        29        13    51.982        52  0.942387  0.543204
     2      16        35        19   37.9912        24   1.47844  0.817339
     3      16        44        28   37.3264        36   1.79772   1.12064
     4      16        53        37    36.994        36   1.71052   1.30257
     5      16        56        40   31.9952        12   2.09948   1.37082
     6      16        62        46   30.6624        24   2.75681   1.57409
     7      16        74        58   33.1385        48    1.2347   1.72145
     8      16        83        67   33.4957        36   1.63892   1.70041
     9      16        92        76   33.7736        36   1.77667   1.71817
    10      16        98        82   32.7961        24   1.80875   1.73137
    11      16       104        88   31.9962        24   1.77687   1.74385
    12      16       107        91   30.3298        12   2.72382   1.77989
    13      16       110        94   28.9198        12   3.55139    1.8398
    14      16       122       106   30.2823        48   2.14024   1.98913
    15      16       131       115   30.6633        36   1.63697   1.96311
    16      16       140       124   30.9966        36    1.7709   1.95801
    17      16       146       130   30.5848        24   1.81943   1.95637
    18      16       155       139   30.8852        36   1.78822   1.95319
    19      16       155       139   29.2596         0         -   1.95319
2014-12-10 23:40:05.928134min lat: 0.106069 max lat: 3.87075 avg lat: 1.97562
   sec Cur ops   started  finished  avg MB/s  cur MB/s  last lat   avg lat
    20      16       158       142   28.3966         6    2.9031   1.97562
    21      16       170       154   29.3297        48   3.23314   2.09602
    22      16       179       163   29.6327        36   1.47662   2.08451
    23      16       188       172   29.9093        36   1.77239   2.06649
    24      16       197       181   30.1629        36   1.71938   2.05489
    25      16       203       187   29.9163        24   1.68621   2.04653
    26      16       209       193   29.6885        24    1.7357   2.03972
    27      16       209       193    28.589         0         -   2.03972
    28      16       215       199    28.425        12   3.53362   2.08917
    29      16       227       211   29.0998        48   1.25623   2.14206
    30      16       236       220   29.3297        36   1.72357   2.12002
    31      16       242       226   29.1577        24    1.8496   2.11532
    32      16       251       235   29.3714        36   1.78105   2.10812
    33      16       257       241   29.2086        24   1.74918   2.10174
    34      16       260       244   28.7024        12   2.90946   2.11302
    35      16       266       250    28.568        24   3.14584   2.14225
    36      16       278       262   29.1077        48    1.2438   2.15449
    37      16       284       268   28.9696        24   1.60673   2.14151
    38      16       293       277   29.1545        36   1.81983   2.13329
    39      16       302       286   29.3299        36   1.74864   2.12505
2014-12-10 23:40:25.930378min lat: 0.106069 max lat: 3.95785 avg lat: 2.1207
   sec Cur ops   started  finished  avg MB/s  cur MB/s  last lat   avg lat
    40      16       308       292   29.1966        24   1.81105    2.1207
    41      16       311       295   28.7771        12   2.43873   2.12502
    42      16       314       298   28.3777        12   3.59743   2.14089
    43      16       326       310   28.8339        48   2.45877   2.18293
    44      16       332       316    28.724        24   1.49768   2.17333
    45      16       341       325   28.8856        36     1.816   2.16344
    46      16       350       334   29.0402        36   1.75439   2.15617
    47      16       359       343   29.1882        36   1.78339   2.14906
    48      16       359       343   28.5801         0         -   2.14906
    49      16       362       346   28.2417         6   2.84161   2.15611
    50      16       371       355   28.3968        36   3.38616   2.19323
    51      16       380       364   28.5458        36   1.29488   2.20168
    52      16       389       373   28.6891        36   1.75136   2.18896
    53      16       398       382    28.827        36   1.79899   2.18207
    54      16       407       391   28.9598        36   1.83232   2.17591
    55      16       410       394   28.6514        12   1.80623   2.17401
    56      16       410       394   28.1398         0         -   2.17401
    57      16       419       403   28.2776        18    3.3874   2.20662
    58      16       428       412   28.4107        36   1.39778   2.22207
    59      16       434       418   28.3359        24    1.6905    2.2141
2014-12-10 23:40:45.932184min lat: 0.106069 max lat: 3.99341 avg lat: 2.20816
   sec Cur ops   started  finished  avg MB/s  cur MB/s  last lat   avg lat
    60      16       443       427   28.4636        36   1.81538   2.20816
    61       8       444       436   28.5871        36   1.74621   2.20152
    62       2       444       442   28.5131        24   1.79775    2.1974
 Total time run:         62.737395
Total writes made:      444
Write size:             4194304
Bandwidth (MB/sec):     28.308 

Stddev Bandwidth:       13.8127
Max bandwidth (MB/sec): 52
Min bandwidth (MB/sec): 0
Average Latency:        2.20035
Stddev Latency:         0.785474
Max latency:            3.99341
Min latency:            0.106069
