 Maintaining 16 concurrent writes of 4194304 bytes for up to 60 seconds or 0 objects
 Object prefix: benchmark_data_ceph-radosbench-1_1
   sec Cur ops   started  finished  avg MB/s  cur MB/s  last lat   avg lat
     0       0         0         0         0         0         -         0
     1      15        35        20   79.2323        80  0.605657  0.534386
     2      16        56        40   79.4498        80  0.620826  0.590348
     3      16        73        57   75.6466        68   1.48463  0.694513
     4      16        91        75   74.7352        72  0.399852  0.686146
     5      16       107        91    72.592        64  0.887543  0.732806
     6      16       119       103   68.5014        48  0.629743  0.745533
     7      16       136       120   68.4284        68  0.241975  0.806968
     8      16       146       130   64.8801        40   2.35687  0.867341
     9      16       165       149   66.1124        76  0.231136  0.882814
    10      16       190       174   69.4946       100  0.413133  0.871155
    11      16       203       187   67.9054        52  0.214684  0.867908
    12      16       214       198   65.9149        44  0.601953  0.866831
    13      16       229       213   65.4596        60   2.77436  0.915694
    14      16       246       230   65.6402        68  0.261727  0.929656
    15      15       265       250    66.587        80   1.00055  0.922052
    16      16       286       270   67.4237        80  0.854801   0.92001
    17      16       306       290   68.1621        80  0.884961  0.918762
    18      16       326       310   68.8186        80   0.20486  0.905221
    19      16       340       324   68.1328        56   1.53309  0.898429
2015-01-13 08:13:41.027068min lat: 0.094915 max lat: 2.8779 avg lat: 0.909751
   sec Cur ops   started  finished  avg MB/s  cur MB/s  last lat   avg lat
    20      16       360       344   68.7249        80  0.203869  0.909751
    21      16       380       364   69.2606        80  0.543273  0.901648
    22      16       400       384   69.7478        80  0.916863   0.89808
    23      16       417       401   69.6613        68   1.61896  0.902254
    24      16       429       413   68.7593        48   1.03796  0.903457
    25      16       440       424   67.7696        44  0.132666  0.904621
    26      16       461       445   68.3928        84  0.178407  0.912766
    27      16       480       464   68.6739        76  0.836076  0.912941
    28      16       496       480   68.4988        64   2.02268  0.911716
    29      16       513       497   68.4813        68   1.66081  0.914797
    30      16       523       507   67.5325        40   1.82239  0.922652
    31      15       532       517   66.6449        40   1.05343  0.924242
    32      16       553       537   67.0544        80  0.643254   0.94048
    33      16       572       556   67.3249        76   1.06299  0.935847
    34      16       590       574    67.462        72  0.578206  0.929281
    35      16       612       596    68.041        88  0.756302  0.929776
    36      16       628       612   67.9286        64  0.784063  0.922701
    37      16       646       630   68.0382        72  0.138178  0.926544
    38      16       662       646   67.9318        64  0.427679  0.926485
    39      16       684       668   68.4456        88  0.176352  0.921857
2015-01-13 08:14:01.043660min lat: 0.092291 max lat: 2.95599 avg lat: 0.917169
   sec Cur ops   started  finished  avg MB/s  cur MB/s  last lat   avg lat
    40      16       707       691   69.0336        92  0.245758  0.917169
    41      16       725       709   69.1056        72   1.08271  0.913541
    42      16       745       729   69.3645        80  0.909863  0.914607
    43      16       762       746   69.3325        68  0.437065  0.910249
    44      16       776       760   69.0295        56  0.539266  0.913816
    45      16       796       780   69.2729        80  0.599678  0.914731
    46      16       813       797    69.245        68  0.192831  0.909639
    47      16       833       817   69.4734        80  0.770375  0.906469
    48      16       854       838   69.7755        84  0.282242  0.907909
    49      16       870       854   69.6575        64  0.584641  0.905844
    50      16       887       871   69.6241        68   0.33977  0.909298
    51      15       904       889   69.6685        72  0.614792  0.910057
    52      16       924       908     69.79        76   1.19063  0.907079
    53      16       945       929   70.0577        84  0.321762  0.902493
    54      16       965       949   70.2415        80  0.224173   0.90182
    55      16       980       964   70.0552        60  0.677899  0.901781
    56      16       999       983   70.1611        76   1.10453  0.903491
    57      16      1017      1001   70.1932        72    1.3063  0.904166
    58      16      1040      1024   70.5687        92  0.166526  0.899479
    59      16      1057      1041    70.525        68  0.223395  0.897611
2015-01-13 08:14:21.048272min lat: 0.092291 max lat: 2.95599 avg lat: 0.89749
   sec Cur ops   started  finished  avg MB/s  cur MB/s  last lat   avg lat
    60      16      1075      1059   70.5494        72  0.730267   0.89749
    61      15      1075      1060    69.459         4   1.26413  0.897836
 Total time run:         61.893950
Total writes made:      1075
Write size:             4194304
Bandwidth (MB/sec):     69.474 

Stddev Bandwidth:       18.0884
Max bandwidth (MB/sec): 100
Min bandwidth (MB/sec): 0
Average Latency:        0.919427
Stddev Latency:         0.585232
Max latency:            3.57551
Min latency:            0.092291
