 Maintaining 16 concurrent writes of 4194304 bytes for up to 60 seconds or 0 objects
 Object prefix: benchmark_data_ceph-radosbench-2_1
   sec Cur ops   started  finished  avg MB/s  cur MB/s  last lat   avg lat
     0       0         0         0         0         0         -         0
     1      16        28        12   47.9766        48  0.899065  0.598546
     2      16        45        29   57.9795        68  0.479602  0.840119
     3      16        55        39    51.984        40  0.914079  0.906299
     4      16        71        55   54.9847        64  0.752051  0.981653
     5      16        83        67   53.5857        48  0.516951  0.964805
     6      16        94        78   51.9867        44   2.37156   1.07412
     7      16       110        94    53.701        64   1.56137   1.11587
     8      16       124       108    53.987        56  0.481503   1.09324
     9      16       142       126   55.9868        72   1.10976   1.07558
    10      16       154       138   55.1871        48   1.04889   1.07653
    11      16       166       150   54.5329        48   1.09616    1.0536
    12      16       176       160   53.3211        40  0.646368   1.09597
    13      16       187       171   52.6034        44  0.641783   1.10878
    14      16       207       191   54.5593        80  0.181761   1.13169
    15      16       217       201   53.5879        40   1.07011   1.12499
    16      16       230       214    53.488        52  0.238765   1.13076
    17      16       243       227   53.3998        52  0.799783   1.13265
    18      16       258       242   53.7656        60   1.27381   1.15597
    19      16       275       259   54.5141        68  0.198919   1.14455
2015-02-01 05:41:46.716670min lat: 0.178465 max lat: 2.95201 avg lat: 1.13604
   sec Cur ops   started  finished  avg MB/s  cur MB/s  last lat   avg lat
    20      16       291       275   54.9878        64   1.32493   1.13604
    21      16       306       290   55.2258        60  0.875829    1.1257
    22      16       317       301   54.7151        44    1.5269    1.1275
    23      16       322       306   53.2056        20  0.292972   1.13084
    24      16       333       317   52.8217        44   2.49265   1.16363
    25      16       347       331   52.9483        56   1.09174   1.17535
    26      16       368       352   54.1418        84  0.577175   1.14835
    27      16       380       364    53.914        48   1.31756    1.1571
    28      16       393       377   53.8452        52   1.98626   1.15536
    29      16       401       385   53.0917        32  0.997751   1.15823
    30      16       409       393   52.3885        32   1.51195   1.16667
    31      16       419       403   51.9886        40  0.179281   1.17235
    32      16       440       424   52.9885        84  0.410687   1.18273
    33      16       448       432   52.3522        32  0.210043   1.18166
    34      16       464       448   52.6944        64   2.80272   1.17281
    35      16       478       462   52.7885        56   1.02054   1.17627
    36      16       487       471    52.322        36   1.25225   1.19396
    37      16       495       479   51.7727        32   1.66609   1.20277
    38      16       511       495   52.0942        64  0.601318   1.20981
    39      16       528       512   52.5016        68  0.287305   1.20334
2015-02-01 05:42:06.720731min lat: 0.10983 max lat: 3.80097 avg lat: 1.19404
   sec Cur ops   started  finished  avg MB/s  cur MB/s  last lat   avg lat
    40      16       543       527   52.6888        60  0.881057   1.19404
    41      16       557       541   52.7693        56  0.715529    1.1936
    42      16       569       553   52.6555        48   1.12832    1.1976
    43      16       574       558    51.896        20   2.09894   1.20057
    44      16       587       571   51.8981        52   2.01711    1.2055
    45      16       598       582   51.7223        44   0.31237   1.20197
    46      16       610       594   51.6412        48  0.558263   1.20756
    47      16       629       613   52.1591        76  0.485248   1.20859
    48      16       643       627   52.2389        56  0.626994   1.20715
    49      16       652       636   51.9074        36   2.64404   1.21037
    50      16       666       650    51.989        56  0.242098   1.20976
    51      16       677       661   51.8322        44    1.2173   1.21698
    52      16       688       672   51.6814        44  0.890537    1.2147
    53      16       699       683   51.5363        44  0.957148   1.21694
    54      16       713       697   51.6188        56   1.70623   1.22319
    55      16       723       707   51.4074        40   1.40094    1.2246
    56      16       735       719   51.3464        48   0.28977   1.22072
    57      16       749       733   51.4278        56  0.879996   1.22699
    58      16       762       746   51.4375        52  0.878725   1.22551
    59      16       779       763    51.718        68  0.768854   1.22575
2015-02-01 05:42:26.724814min lat: 0.10983 max lat: 3.85648 avg lat: 1.22534
   sec Cur ops   started  finished  avg MB/s  cur MB/s  last lat   avg lat
    60      16       790       774   51.5892        44  0.906397   1.22534
    61      16       791       775    50.809         4  0.685286   1.22464
 Total time run:         61.877185
Total writes made:      791
Write size:             4194304
Bandwidth (MB/sec):     51.134 

Stddev Bandwidth:       16.3045
Max bandwidth (MB/sec): 84
Min bandwidth (MB/sec): 0
Average Latency:        1.24588
Stddev Latency:         0.762655
Max latency:            3.85648
Min latency:            0.10983
