 Maintaining 16 concurrent writes of 4194304 bytes for up to 60 seconds or 0 objects
 Object prefix: benchmark_data_ceph-radosbench-1_1
   sec Cur ops   started  finished  avg MB/s  cur MB/s  last lat   avg lat
     0       0         0         0         0         0         -         0
     1      16        27        11   43.9774        44  0.868179  0.638211
     2      16        38        22   43.9837        44  0.937527  0.841332
     3      16        58        42   55.9833        80  0.910143  0.934158
     4      16        69        53   52.9855        44   1.02134  0.997311
     5      16        84        68   54.3856        60   1.46715   1.04379
     6      16        99        83   55.3193        60  0.763982   1.04245
     7      16       114        98   55.9864        60  0.507801   1.01683
     8      16       123       107   53.4873        36   0.33387   1.03516
     9      16       137       121   53.7652        56   1.91266   1.08521
    10      16       148       132   52.7878        44   1.06974   1.09178
    11      16       160       144   52.3517        48   0.45138   1.11065
    12      16       166       150   49.9885        24  0.655773   1.14337
    13      16       179       163   50.1424        52  0.749119   1.19124
    14      16       196       180    51.417        68   2.92231   1.19484
    15      16       210       194   51.7217        56   1.13795   1.18452
    16      16       218       202   50.4886        32  0.464497   1.17776
    17      16       229       213   50.1064        44   2.41517   1.20561
    18      16       244       228   50.6548        60  0.426287   1.22631
    19      16       256       240   50.5146        48  0.737314   1.22513
2015-02-01 05:38:13.951161min lat: 0.158633 max lat: 3.46405 avg lat: 1.21172
   sec Cur ops   started  finished  avg MB/s  cur MB/s  last lat   avg lat
    20      16       275       259   51.7882        76  0.589782   1.21172
    21      16       286       270   51.4169        44   0.20676   1.19716
    22      16       300       284   51.6247        56   2.11727   1.19367
    23      16       312       296   51.4668        48  0.492594   1.19178
    24      16       322       306   50.9889        40  0.381797   1.20256
    25      16       329       313   50.0691        28   1.12604   1.20946
    26      16       343       327   50.2969        56  0.262969    1.2101
    27      16       363       347    51.396        80   1.49288   1.21337
    28      16       374       358   51.1316        44  0.222412   1.21185
    29      16       388       372    51.299        56  0.246975   1.21136
    30      16       398       382   50.9221        40   1.31055   1.20833
    31      16       411       395   50.9531        52   3.17774   1.22318
    32      16       425       409   51.1104        56  0.424141   1.22695
    33      16       440       424   51.3794        60  0.680841   1.21045
    34      16       455       439   51.6326        60   2.38784   1.21165
    35      16       468       452   51.6428        52   0.63985   1.20545
    36      16       477       461   51.2081        36   1.43753   1.20246
    37      16       486       470   50.7968        36  0.476391   1.22689
    38      16       500       484   50.9334        56  0.817232   1.23055
    39      16       516       500   51.2681        64  0.749759   1.22332
2015-02-01 05:38:33.957384min lat: 0.156262 max lat: 4.91347 avg lat: 1.21807
   sec Cur ops   started  finished  avg MB/s  cur MB/s  last lat   avg lat
    40      16       531       515   51.4861        60  0.709348   1.21807
    41      16       546       530   51.6934        60    1.2109   1.21725
    42      16       558       542   51.6052        48   2.09703   1.21624
    43      16       564       548   50.9632        24   2.09459   1.22205
    44      16       576       560   50.8956        48  0.244091   1.22075
    45      16       589       573   50.9199        52   3.38498   1.22597
    46      16       606       590   51.2909        68   0.55123    1.2253
    47      16       617       601   51.1355        44  0.799258   1.22408
    48      16       631       615   51.2366        56   2.10379   1.22829
    49      16       643       627   51.1704        48    2.3903   1.23139
    50      16       653       637   50.9468        40  0.524027   1.23081
    51      16       665       649   50.8888        48  0.404268   1.23209
    52      16       677       661   50.8331        48  0.338479   1.22832
    53      16       691       675   50.9303        56  0.194095     1.236
    54      16       708       692   51.2462        68  0.604329   1.23564
    55      16       719       703   51.1143        44   1.02484   1.23611
    56      16       728       712   50.8443        36   1.77515   1.23553
    57      16       740       724   50.7942        48   2.21494   1.24141
    58      16       758       742   51.1595        72   1.68913   1.23946
    59      16       772       756   51.2413        56  0.763693   1.23085
2015-02-01 05:38:53.961690min lat: 0.098879 max lat: 4.91347 avg lat: 1.23116
   sec Cur ops   started  finished  avg MB/s  cur MB/s  last lat   avg lat
    60      16       789       773   51.5204        68   2.21503   1.23116
    61      16       790       774   50.7413         4  0.476846   1.23018
 Total time run:         61.519332
Total writes made:      790
Write size:             4194304
Bandwidth (MB/sec):     51.366 

Stddev Bandwidth:       15.0669
Max bandwidth (MB/sec): 80
Min bandwidth (MB/sec): 0
Average Latency:        1.24505
Stddev Latency:         0.787191
Max latency:            4.91347
Min latency:            0.098879
