 Maintaining 16 concurrent writes of 4194304 bytes for up to 60 seconds or 0 objects
 Object prefix: benchmark_data_ceph-radosbench-1_1
   sec Cur ops   started  finished  avg MB/s  cur MB/s  last lat   avg lat
     0       0         0         0         0         0         -         0
     1      16        37        21   83.9745        84  0.482757  0.514495
     2      16        63        47   93.9782       104  0.443689  0.507854
     3      16        92        76   101.312       116  0.173436  0.549342
     4      16       120       104    103.98       112  0.350943  0.550233
     5      16       147       131   104.781       108  0.183746  0.566225
     6      16       177       161   107.313       120  0.593002  0.557304
     7      16       204       188   107.409       108  0.202091  0.540825
     8      16       224       208   103.981        80  0.138144  0.524915
     9      16       245       229    101.76        84  0.383904   0.55663
    10      16       262       246    98.383        68   2.74468  0.588403
    11      16       278       262   95.2568        64  0.094907    0.6006
    12      16       309       293   97.6504       124  0.418083  0.601742
    13      16       339       323    99.368       120   0.26388  0.611862
    14      16       365       349   99.6978       104  0.609494  0.613676
    15      16       399       383   102.117       136  0.382199  0.610721
    16      16       422       406   101.484        92  0.216894  0.606376
    17      16       446       430    101.16        96  0.095327  0.596747
    18      16       466       450   99.9841        80  0.107388  0.587705
    19      16       474       458   96.4058        32  0.093409  0.580562
2014-12-11 00:40:40.240440min lat: 0.093409 max lat: 5.2187 avg lat: 0.605242
   sec Cur ops   started  finished  avg MB/s  cur MB/s  last lat   avg lat
    20      16       480       464   92.7857        24  0.097804  0.605242
    21      16       493       477   90.8433        52  0.097178  0.642498
    22      16       516       500   90.8953        92  0.167978  0.665831
    23      16       532       516   89.7257        64  0.144517    0.6688
    24      16       554       538   89.6533        88  0.172778  0.692126
    25      16       581       565   90.3867       108  0.154516  0.689624
    26      16       601       585    89.987        80  0.095793  0.673201
    27      16       602       586   86.8023         4  0.096054  0.672216
    28      16       616       600    85.702        56  0.100043  0.677704
    29      16       623       607   83.7123        28  0.095423  0.671014
    30      16       629       613   81.7219        24  0.102476  0.692387
    31      16       642       626   80.7629        52   5.77367   0.73687
    32      16       658       642   80.2389        64  0.102846  0.747967
    33      16       682       666   80.7162        96  0.458031  0.763849
    34      16       712       696   81.8712       120  0.353202   0.75327
    35      16       730       714   81.5889        72    3.9028  0.758549
    36      16       752       736   81.7666        88  0.176377  0.758912
    37      16       765       749   80.9618        52  0.095541  0.751244
    38      16       790       774   81.4625       100  0.095049  0.732666
    39      16       802       786   80.6043        48  0.097441  0.744532
2014-12-11 00:41:00.242845min lat: 0.092777 max lat: 6.27902 avg lat: 0.751659
   sec Cur ops   started  finished  avg MB/s  cur MB/s  last lat   avg lat
    40      16       819       803    80.289        68  0.103784  0.751659
    41      16       839       823   80.2817        80  0.961475  0.774134
    42      16       861       845   80.4653        88  0.140709   0.77438
    43      16       894       878   81.6633       132  0.243449  0.774855
    44      16       920       904   82.1707       104   0.20743  0.766661
    45      16       949       933    82.922       116    0.2861  0.764393
    46      16       972       956   83.1191        92  0.246264  0.757729
    47      16       994       978   83.2227        88  0.142394  0.749093
    48      16      1011       995   82.9054        68  0.097571  0.749493
    49      16      1025      1009   82.3561        56  0.097133  0.741155
    50      16      1035      1019   81.5089        40  0.094147  0.747724
    51      16      1042      1026   80.4597        28  0.102478  0.757712
    52      16      1071      1055    81.143       116  0.159039  0.765883
    53      16      1098      1082   81.6494       108   1.10769  0.774117
    54      16      1129      1113   82.4334       124   0.27124  0.770845
    55      16      1155      1139   82.8252       104  0.372559  0.765017
    56      16      1182      1166   83.2745       108  0.345674  0.759851
    57      16      1207      1191   83.5677       100   0.10609  0.751535
    58      16      1219      1203   82.9543        48  0.668769  0.745647
    59      16      1222      1206   81.7517        12   3.92904  0.753785
2014-12-11 00:41:20.245396min lat: 0.092777 max lat: 6.27902 avg lat: 0.746758
   sec Cur ops   started  finished  avg MB/s  cur MB/s  last lat   avg lat
    60      16      1236      1220   81.3224        56  0.093992  0.746758
    61      16      1237      1221   80.0548         4  0.103084  0.746231
    62      16      1237      1221   78.7637         0         -  0.746231
    63      16      1237      1221   77.5135         0         -  0.746231
    64      13      1237      1224   76.4899         4   3.06346   0.75904
 Total time run:         64.584525
Total writes made:      1237
Write size:             4194304
Bandwidth (MB/sec):     76.613 

Stddev Bandwidth:       37.5646
Max bandwidth (MB/sec): 136
Min bandwidth (MB/sec): 0
Average Latency:        0.831744
Stddev Latency:         1.40128
Max latency:            9.5104
Min latency:            0.092777
