 Maintaining 16 concurrent writes of 4194304 bytes for up to 60 seconds or 0 objects
 Object prefix: benchmark_data_ceph-radosbench-1_1
   sec Cur ops   started  finished  avg MB/s  cur MB/s  last lat   avg lat
     0       0         0         0         0         0         -         0
     1      16        35        19   75.9814        76  0.802908   0.42388
     2      16        66        50   99.9803       124  0.352085  0.508975
     3      16        93        77   102.649       108  0.217903  0.495201
     4      16       122       106   105.982       116  0.291852  0.518169
     5      16       148       132   105.583       104  0.617259  0.539443
     6      16       173       157   104.649       100  0.659095  0.546761
     7      16       201       185   105.697       112  0.232675  0.512308
     8      16       227       211   105.483       104  0.340535   0.55858
     9      16       253       237   105.316       104  0.515285  0.571769
    10      16       279       263   105.183       104   0.13762  0.575366
    11      16       308       292   106.165       116  0.420856  0.555374
    12      16       339       323    107.65       124  0.387512  0.566979
    13      16       364       348    107.06       100  0.199915  0.566339
    14      16       389       373   106.555       100  0.175505  0.561934
    15      16       406       390   103.984        68   0.92391  0.551342
    16      16       432       416   103.984       104  0.151512  0.537211
    17      16       452       436   102.573        80  0.206457  0.552035
    18      16       473       457   101.541        84  0.172425  0.589855
    19      16       489       473   99.5644        64  0.128445  0.608986
2014-12-11 00:35:42.854498min lat: 0.095055 max lat: 5.3852 avg lat: 0.602547
   sec Cur ops   started  finished  avg MB/s  cur MB/s  last lat   avg lat
    20      16       512       496   99.1858        92  0.156132  0.602547
    21      16       530       514   97.8907        72  0.194458  0.613421
    22      16       555       539   97.9861       100   2.86935  0.634545
    23      16       575       559   97.2037        80   0.09831  0.631403
    24      16       588       572   95.3199        52  0.175383  0.623118
    25      16       590       574   91.8271         8  0.093948  0.621279
    26      16       590       574   88.2955         0         -  0.621279
    27      16       590       574   85.0254         0         -  0.621279
    28      16       605       589   84.1315        20   6.21831  0.670357
    29      16       624       608   83.8509        76  0.094411  0.686691
    30      16       641       625   83.3222        68   6.16069  0.732008
    31      16       661       645   83.2147        80   0.09443  0.731744
    32      16       683       667   83.3638        88  0.101501  0.725446
    33      16       710       694     84.11       108  0.193346  0.730435
    34      16       736       720   84.6945       104  0.515533  0.727756
    35      16       760       744   85.0173        96  0.136875  0.727886
    36      16       781       765   84.9887        84  0.094749  0.711829
    37      16       796       780   84.3132        60  0.093828  0.700924
    38      16       800       784   82.5155        16   5.82823  0.713956
    39      16       812       796   81.6304        48  0.096369  0.712372
2014-12-11 00:36:02.856847min lat: 0.093678 max lat: 6.82024 avg lat: 0.740095
   sec Cur ops   started  finished  avg MB/s  cur MB/s  last lat   avg lat
    40      16       833       817   81.6893        84  0.094469  0.740095
    41      16       855       839   81.8429        88  0.264095   0.76597
    42      16       884       868   82.6557       116  0.191477  0.763158
    43      16       911       895   83.2448       108  0.204807  0.759877
    44      16       939       923    83.898       112  0.250922  0.751774
    45      16       966       950   84.4332       108  0.353705  0.749981
    46      16       990       974   84.6844        96  0.094316  0.739477
    47      16      1008       992   84.4143        72  0.247663  0.739858
    48      16      1020      1004   83.6555        48  0.094201  0.733735
    49      16      1026      1010    82.438        24  0.577208  0.730429
    50      16      1027      1011   80.8693         4  0.095499  0.729801
    51      16      1042      1026     80.46        60   0.10693  0.754511
    52      16      1072      1056     81.22       120  0.197702  0.765862
    53      16      1098      1082   81.6496       104   2.65352  0.775253
    54      16      1128      1112   82.3594       120  0.373076   0.76757
    55      16      1155      1139   82.8253       108  0.739542  0.765601
    56      16      1180      1164   83.1318       100  0.137088  0.757169
    57      16      1184      1168    81.954        16  0.094402  0.754996
    58      16      1184      1168    80.541         0         -  0.754996
    59      16      1189      1173   79.5149        10  0.144607  0.763559
2014-12-11 00:36:22.859613min lat: 0.093126 max lat: 6.82024 avg lat: 0.758602
   sec Cur ops   started  finished  avg MB/s  cur MB/s  last lat   avg lat
    60      16      1199      1183   78.8562        40  0.097623  0.758602
    61      16      1199      1183   77.5634         0         -  0.758602
    62      16      1199      1183   76.3124         0         -  0.758602
 Total time run:         62.808547
Total writes made:      1199
Write size:             4194304
Bandwidth (MB/sec):     76.359 

Stddev Bandwidth:       39.5298
Max bandwidth (MB/sec): 124
Min bandwidth (MB/sec): 0
Average Latency:        0.837572
Stddev Latency:         1.46635
Max latency:            8.35153
Min latency:            0.093126
