 Maintaining 16 concurrent writes of 4194304 bytes for up to 60 seconds or 0 objects
 Object prefix: benchmark_data_ceph-radosbench-1_1
   sec Cur ops   started  finished  avg MB/s  cur MB/s  last lat   avg lat
     0       0         0         0         0         0         -         0
     1      16        40        24   95.9671        96  0.138569  0.329526
     2      16        69        53   105.974       116  0.626051  0.498401
     3      16        94        78   103.978       100   0.16887  0.505485
     4      16       122       106   105.979       112  0.147498  0.489962
     5      16       153       137   109.578       124  0.217566  0.443988
     6      16       178       162   107.979       100  0.124774  0.404131
     7      16       189       173    98.839        44  0.097581  0.393988
     8      16       207       191   95.4834        72  0.317622   0.57303
     9      16       232       216   95.9836       100   1.15697  0.641267
    10      16       261       245   97.9836       116  0.697342  0.627074
    11      16       286       270   98.1656       100   1.23476   0.62262
    12      16       317       301   100.317       124  0.779119  0.618735
    13      16       343       327   100.599       104  0.512746  0.611389
    14      16       370       354   101.127       108  0.388709  0.607802
    15      16       403       387   103.183       132  0.654918  0.609799
    16      16       430       414   103.483       108   0.82329  0.604332
    17      16       456       440   103.513       104  0.359021  0.606828
    18      16       487       471    104.65       124  0.453728  0.602713
    19      16       513       497   104.615       104  0.407796  0.598576
2014-12-11 01:00:19.538976min lat: 0.093497 max lat: 7.15778 avg lat: 0.600433
   sec Cur ops   started  finished  avg MB/s  cur MB/s  last lat   avg lat
    20      16       539       523   104.583       104  0.297042  0.600433
    21      16       570       554   105.507       124  0.370937  0.597387
    22      16       593       577   104.893        92  0.139765  0.594084
    23      16       624       608   105.722       124  0.529511  0.599234
    24      16       652       636   105.983       112  0.743009  0.595705
    25      16       669       653   104.463        68  0.291837  0.598365
    26      16       701       685   105.368       128  0.255674  0.597202
    27      16       726       710   105.169       100  0.304751  0.589935
    28      16       746       730   104.269        80  0.203616    0.5812
    29      16       778       762   105.087       128   2.21693  0.599284
    30      16       807       791    105.45       116  0.328871  0.596522
    31      16       833       817   105.403       104   1.56447   0.59881
    32      16       867       851   106.359       136   0.49932    0.5971
    33      15       893       878   106.408       108  0.252231  0.590952
    34      16       922       906   106.572       112  0.339789  0.589924
    35      16       948       932   106.498       104  0.198564  0.588277
    36      16       975       959   106.539       108  0.218539  0.585424
    37      16       997       981   106.038        88  0.138662  0.582741
    38      16      1026      1010     106.3       116  0.158843  0.592558
    39      16      1057      1041   106.753       124  0.572015  0.594354
2014-12-11 01:00:39.541884min lat: 0.093497 max lat: 7.15778 avg lat: 0.593607
   sec Cur ops   started  finished  avg MB/s  cur MB/s  last lat   avg lat
    40      15      1085      1070   106.984       116   0.91531  0.593607
    41      16      1118      1102   107.496       128  0.832666  0.591928
    42      16      1144      1128   107.412       104   1.79686  0.590919
    43      16      1169      1153   107.239       100  0.215645  0.590317
    44      16      1197      1181   107.347       112  0.758898  0.588077
    45      16      1223      1207   107.273       104   0.72431  0.591305
    46      16      1255      1239   107.723       128  0.323866  0.590907
    47      16      1281      1265   107.643       104  0.474586  0.589578
    48      16      1312      1296   107.984       124  0.332655  0.588276
    49      16      1339      1323   107.984       108   1.02963  0.590596
    50      16      1366      1350   107.984       108  0.284037  0.588425
    51      16      1393      1377   107.984       108  0.604486  0.588117
    52      16      1417      1401   107.753        96  0.601964  0.588077
    53      16      1452      1436   108.361       140  0.588514  0.587634
    54      16      1480      1464   108.428       112  0.269709  0.586416
    55      16      1505      1489   108.275       100  0.467596  0.586745
    56      16      1533      1517   108.341       112  0.415621  0.586935
    57      16      1554      1538   107.914        84    1.1656  0.587541
    58      16      1578      1562   107.708        96  0.129828  0.585283
    59      16      1609      1593   107.984       124   0.54956  0.585728
2014-12-11 01:00:59.544856min lat: 0.093497 max lat: 7.15778 avg lat: 0.588137
   sec Cur ops   started  finished  avg MB/s  cur MB/s  last lat   avg lat
    60      16      1640      1624    108.25       124  0.834555  0.588137
 Total time run:         60.378342
Total writes made:      1641
Write size:             4194304
Bandwidth (MB/sec):     108.714 

Stddev Bandwidth:       21.703
Max bandwidth (MB/sec): 140
Min bandwidth (MB/sec): 0
Average Latency:        0.588621
Stddev Latency:         0.582612
Max latency:            7.15778
Min latency:            0.093497
