 Maintaining 16 concurrent writes of 4194304 bytes for up to 60 seconds or 0 objects
 Object prefix: benchmark_data_ceph-radosbench-1_1
   sec Cur ops   started  finished  avg MB/s  cur MB/s  last lat   avg lat
     0       0         0         0         0         0         -         0
     1      16        38        22   87.9628        88    0.9889  0.475515
     2      16        67        51   101.966       116  0.282121  0.515565
     3      16        95        79   105.299       112  0.326792  0.539083
     4      16       115        99   98.9719        80   0.19817  0.523582
     5      15       144       129   103.173       120  0.251064  0.559494
     6      16       166       150   99.9756        84  0.093453   0.52659
     7      16       195       179   102.262       116  0.406482  0.542463
     8      16       223       207   103.477       112  0.256956  0.571885
     9      16       247       231   102.644        96  0.136448  0.579642
    10      16       273       257   102.778       104  0.380728  0.590561
    11      16       304       288   104.706       124  0.222515  0.588572
    12      16       330       314   104.646       104   0.30396  0.586647
    13      16       349       333   102.441        76  0.180523  0.577423
    14      16       372       356   101.695        92  0.149342   0.55888
    15      16       381       365   97.3148        36  0.105493  0.548599
    16      16       394       378   94.4822        52  0.097913  0.537403
    17      16       406       390   91.7476        48  0.093228  0.567483
    18      16       429       413   91.7609        92   0.19354   0.62398
    19      16       452       436   91.7727        92  0.150729   0.66626
2014-12-11 00:29:57.782887min lat: 0.093228 max lat: 6.21328 avg lat: 0.669196
   sec Cur ops   started  finished  avg MB/s  cur MB/s  last lat   avg lat
    20      16       472       456   91.1835        80  0.122975  0.669196
    21      16       498       482   91.7929       104  0.103916  0.667428
    22      16       523       507   92.1652       100    0.1918  0.664172
    23      16       548       532   92.5049       100  0.193521  0.667633
    24      16       573       557   92.8164       100  0.097849  0.645697
    25      16       582       566   90.5436        36  0.497731  0.642932
    26      16       597       581   89.3685        60  0.128663  0.652684
    27      16       602       586   86.7993        20  0.098992   0.65005
    28      16       615       599   85.5562        52  0.112768  0.669863
    29      16       643       627   86.4674       112  0.126468  0.702639
    30      16       668       652   86.9179       100  0.169031  0.716314
    31      16       696       680   87.7264       112  0.184357   0.70939
    32      16       719       703   87.8596        92  0.745881  0.712411
    33      16       746       730   88.4694       108  0.273405  0.704795
    34      16       773       757   89.0433       108  0.167904  0.698807
    35      16       794       778   88.8989        84  0.117593  0.694342
    36      16       800       784   87.0961        24  0.691177  0.690719
    37      16       800       784   84.7422         0         -  0.690719
    38      16       800       784   82.5123         0         -  0.690719
    39      15       813       798   81.8323   18.6667  0.473385  0.702859
2014-12-11 00:30:17.786038min lat: 0.093072 max lat: 6.49844 avg lat: 0.730973
   sec Cur ops   started  finished  avg MB/s  cur MB/s  last lat   avg lat
    40      16       837       821   82.0861        92   0.09953  0.730973
    41      16       860       844   82.3275        92   0.28239  0.737521
    42      16       879       863   82.1765        76  0.236162  0.748956
    43      16       903       887   82.4976        96  0.103628  0.747693
    44      16       934       918     83.44       124  0.168292   0.75117
    45      16       958       942   83.7187        96   0.09658  0.746338
    46      16       975       959   83.3768        68  0.096239  0.735725
    47      16       984       968   82.3686        36   3.78978   0.74364
    48      16       990       974   81.1524        24  0.099221  0.741036
    49      16       997       981   80.0677        28  0.103102  0.751279
    50      16      1025      1009    80.706       112  0.150001  0.764753
    51      16      1038      1022    80.143        52  0.134237  0.782092
    52      16      1066      1050   80.7553       112  0.234646  0.776413
    53      16      1097      1081   81.5707       124  0.237343  0.774269
    54      16      1127      1111   82.2819       120  0.191065  0.773543
    55      16      1150      1134   82.4583        92  0.556184  0.767127
    56      16      1178      1162   82.9855       112  0.182268  0.754064
    57      16      1196      1180   82.7925        72   1.01186  0.753537
    58      16      1210      1194   82.3304        56  0.365998  0.747784
    59      16      1219      1203   81.5451        36  0.094793  0.744018
2014-12-11 00:30:37.789680min lat: 0.093072 max lat: 7.28894 avg lat: 0.741084
   sec Cur ops   started  finished  avg MB/s  cur MB/s  last lat   avg lat
    60      16      1225      1209    80.586        24  0.095266  0.741084
    61      15      1226      1211   79.3961         8   6.76104  0.745841
    62      15      1226      1211   78.1155         0         -  0.745841
 Total time run:         62.755937
Total writes made:      1226
Write size:             4194304
Bandwidth (MB/sec):     78.144 

Stddev Bandwidth:       37.5168
Max bandwidth (MB/sec): 124
Min bandwidth (MB/sec): 0
Average Latency:        0.816366
Stddev Latency:         1.44847
Max latency:            8.86482
Min latency:            0.093072
