 Maintaining 16 concurrent writes of 4194304 bytes for up to 60 seconds or 0 objects
 Object prefix: benchmark_data_ceph-radosbench-1_1
   sec Cur ops   started  finished  avg MB/s  cur MB/s  last lat   avg lat
     0       0         0         0         0         0         -         0
     1      16        37        21   83.9613        84  0.889986  0.466883
     2      16        62        46   91.9674       100  0.933442  0.532357
     3      16        87        71   94.6375       100  0.757886  0.595946
     4      16       107        91   90.9739        80  0.212831  0.605315
     5      16       124       108   86.3765        68  0.179679  0.597334
     6      16       152       136   90.6431       112  0.295918   0.65619
     7      16       181       165   94.2619       116  0.418096  0.645769
     8      16       204       188   93.9767        92  0.811383  0.646506
     9      16       225       209   92.8665        84   1.13379  0.653471
    10      16       252       236   94.3775       108  0.691238  0.653499
    11      16       269       253   91.9783        68  0.577645  0.653546
    12      16       292       276   91.9786        92  0.311004  0.666872
    13      16       318       302   92.9017       104   1.06512  0.670083
    14      16       341       325    92.836        92  0.216537  0.665557
    15      16       356       340   90.6461        60   1.45154  0.678643
    16      16       375       359   89.7296        76   1.33902   0.69404
    17      16       390       374     87.98        60   1.01216  0.702033
    18      16       409       393   87.3137        76  0.280895  0.691663
    19      16       429       413   86.9278        80  0.573726  0.703638
2015-02-01 02:40:11.259804min lat: 0.099195 max lat: 3.43228 avg lat: 0.70739
   sec Cur ops   started  finished  avg MB/s  cur MB/s  last lat   avg lat
    20      16       461       445   88.9801       128   0.34484   0.70739
    21      16       481       465   88.5516        80  0.294682  0.702388
    22      16       495       479   87.0715        56  0.697154  0.696718
    23      16       512       496   86.2417        68  0.485264  0.720483
    24      16       537       521   86.8141       100  0.203563  0.723242
    25      16       558       542   86.7008        84  0.228598  0.716532
    26      16       579       563   86.5963        84  0.536734  0.723624
    27      16       601       585   86.6476        88  0.494106  0.725916
    28      16       619       603   86.1235        72  0.572985  0.724652
    29      16       636       620   85.4982        68  0.345104  0.728837
    30      16       663       647   86.2475       108  0.282471  0.733916
    31      16       684       668   85.8884        84   1.31176  0.730919
    32      16       705       689   85.8291        84  0.392695  0.737153
    33      16       729       713   86.1357        96  0.849672  0.731963
    34      16       746       730   85.6035        68   1.10895   0.73237
    35      16       768       752    85.671        88   1.92479  0.735099
    36      16       788       772   85.5134        80  0.297888  0.723248
    37      16       810       794     85.58        88  0.117971  0.731227
    38      16       829       813   85.3279        76  0.239264  0.738862
    39      16       854       838   85.7025       100  0.222839  0.737623
2015-02-01 02:40:31.367580min lat: 0.099195 max lat: 3.43228 avg lat: 0.736705
   sec Cur ops   started  finished  avg MB/s  cur MB/s  last lat   avg lat
    40      16       873       857   85.4602        76  0.785136  0.736705
    41      16       901       885   86.1052       112  0.353249  0.738059
    42      16       928       912   86.6247       108  0.337922  0.732816
    43      16       946       930   86.2851        72  0.343064  0.727545
    44      16       961       945   85.6888        60  0.591798  0.725025
    45      16       984       968   85.8283        92   1.04988  0.739306
    46      16      1005       989   85.7883        84  0.684307  0.736649
    47      16      1033      1017   86.3442       112  0.448968   0.73662
    48      16      1058      1042   86.6275       100  0.292526   0.73108
    49      16      1080      1064    86.655        88  0.213698   0.72922
    50      16      1096      1080   86.2026        64  0.705749  0.729312
    51      16      1111      1095   85.6896        60   1.81677  0.734965
    52      16      1123      1107    84.966        48   1.01831  0.742419
    53      16      1153      1137   85.6253       120  0.593271  0.744226
    54      16      1183      1167   86.2601       120  0.588304  0.738035
    55      16      1202      1186   86.0737        76  0.529894  0.736346
    56      16      1226      1210   86.2502        96   0.26256  0.735533
    57      16      1245      1229   86.0705        76  0.916462  0.736742
    58      16      1261      1245   85.6904        64  0.285009  0.735346
    59      16      1289      1273   86.1351       112  0.194228  0.740219
2015-02-01 02:40:51.371974min lat: 0.099195 max lat: 3.43228 avg lat: 0.736545
   sec Cur ops   started  finished  avg MB/s  cur MB/s  last lat   avg lat
    60      16      1310      1294   86.0993        84  0.533946  0.736545
    61      10      1310      1300   85.0829        24   1.37201  0.737929
 Total time run:         61.477531
Total writes made:      1310
Write size:             4194304
Bandwidth (MB/sec):     85.234 

Stddev Bandwidth:       22.3823
Max bandwidth (MB/sec): 128
Min bandwidth (MB/sec): 0
Average Latency:        0.746042
Stddev Latency:         0.556366
Max latency:            3.43228
Min latency:            0.099195
