 Maintaining 16 concurrent writes of 4194304 bytes for up to 60 seconds or 0 objects
 Object prefix: benchmark_data_ceph-radosbench-1_1
   sec Cur ops   started  finished  avg MB/s  cur MB/s  last lat   avg lat
     0       0         0         0         0         0         -         0
     1      16        36        20   79.9681        80  0.320657  0.413034
     2      16        63        47   93.9707       108  0.328103  0.534485
     3      16        88        72   95.9736       100  0.298767  0.550252
     4      16       117       101   100.974       116   1.16677  0.545169
     5      16       142       126   100.775       100  0.400581  0.556948
     6      16       172       156   103.976       120  0.321697  0.582895
     7      16       200       184   105.118       112  0.649895  0.570865
     8      16       228       212   105.975       112  0.299536  0.581761
     9      16       257       241   107.086       116  0.515986   0.57661
    10      16       283       267   106.775       104  0.292112  0.574383
    11      16       308       292   106.158       100  0.961875   0.58711
    12      16       341       325   108.309       132  0.577023  0.576869
    13      16       365       349   107.361        96  0.482453  0.576898
    14      16       395       379   108.262       120  0.681243  0.578114
    15      16       424       408   108.776       116  0.573074  0.575492
    16      16       452       436   108.976       112  0.500253  0.577229
    17      16       474       458   107.741        88   1.26188  0.579098
    18      16       507       491   109.088       132  0.650428  0.576454
    19      16       535       519    109.24       112  0.434882  0.575368
2015-02-01 03:27:48.779437min lat: 0.142455 max lat: 2.56777 avg lat: 0.576678
   sec Cur ops   started  finished  avg MB/s  cur MB/s  last lat   avg lat
    20      16       562       546   109.177       108  0.528017  0.576678
    21      16       594       578   110.072       128  0.446292  0.573228
    22      16       618       602   109.431        96  0.397404  0.574751
    23      16       645       629   109.368       108   1.58393  0.578163
    24      16       671       655   109.143       104  0.402748   0.57689
    25      16       699       683   109.257       112  0.337958  0.576075
    26      16       728       712   109.515       116  0.300639  0.578848
    27      16       754       738    109.31       104  0.513245   0.57589
    28      16       785       769   109.834       124  0.416988  0.574436
    29      16       814       798   110.045       116  0.288125  0.577662
    30      16       842       826    110.11       112   1.14087  0.575243
    31      16       867       851    109.51       100  0.536049  0.576041
    32      16       894       878   109.462       108  0.293669  0.577679
    33      16       925       909   109.901       124  0.408561  0.575734
    34      16       950       934    109.61       100   1.51083  0.576793
    35      16       981       965   110.019       124   0.65901  0.577428
    36      16      1007       991   109.852       104  0.442504  0.576507
    37      16      1036      1020   110.017       116  0.456167  0.576309
    38      16      1066      1050   110.279       120  0.341203  0.576936
    39      16      1094      1078   110.322       112  0.374701  0.574965
2015-02-01 03:28:08.860878min lat: 0.142455 max lat: 2.56777 avg lat: 0.576104
   sec Cur ops   started  finished  avg MB/s  cur MB/s  last lat   avg lat
    40      16      1116      1100   109.765        88   1.07424  0.576104
    41      16      1149      1133   110.305       132  0.516353  0.577256
    42      15      1177      1162    110.44       116  0.456915  0.576358
    43      16      1203      1187   110.197       100  0.842884  0.576059
    44      16      1234      1218    110.51       124  0.330327  0.575914
    45      16      1261      1245   110.454       108   1.20752  0.574697
    46      16      1281      1265   109.792        80  0.467515  0.576501
    47      16      1314      1298   110.264       132  0.541517  0.577499
    48      16      1345      1329   110.549       124    0.7386  0.575338
    49      16      1368      1352   110.171        92  0.353688  0.574831
    50      16      1400      1384   110.526       128  0.535166  0.575675
    51      16      1425      1409    110.32       100  0.514322  0.575535
    52      16      1452      1436   110.275       108   0.35126   0.57584
    53      16      1479      1463   110.231       108  0.522531  0.576157
    54      16      1512      1496   110.633       132  0.335031  0.575895
    55      16      1537      1521   110.439       100    0.4527  0.574663
    56      16      1567      1551   110.609       120  0.353715   0.57621
    57      16      1592      1576   110.423       100  0.394031  0.575639
    58      16      1621      1605   110.519       116  0.601951  0.575934
    59      16      1652      1636   110.747       124  0.430714  0.575057
2015-02-01 03:28:28.865287min lat: 0.130633 max lat: 2.56777 avg lat: 0.574915
   sec Cur ops   started  finished  avg MB/s  cur MB/s  last lat   avg lat
    60      16      1680      1664   110.767       112  0.537213  0.574915
 Total time run:         60.963580
Total writes made:      1680
Write size:             4194304
Bandwidth (MB/sec):     110.230 

Stddev Bandwidth:       18.9615
Max bandwidth (MB/sec): 132
Min bandwidth (MB/sec): 0
Average Latency:        0.579342
Stddev Latency:         0.307055
Max latency:            2.56777
Min latency:            0.130633
