 Maintaining 16 concurrent writes of 4194304 bytes for up to 60 seconds or 0 objects
 Object prefix: benchmark_data_ceph-radosbench-1_1
   sec Cur ops   started  finished  avg MB/s  cur MB/s  last lat   avg lat
     0       0         0         0         0         0         -         0
     1      16        32        16   63.9767        64  0.399922  0.580578
     2      16        52        36   71.9815        80  0.241836  0.603793
     3      16        66        50   66.6521        56  0.202545  0.699128
     4      16        81        65   64.9876        60  0.451475  0.789922
     5      16        99        83   66.3881        72   1.82086   0.84683
     6      16       104        88    58.657        20  0.103707  0.823923
     7      16       117       101   57.7053        52  0.282834  0.942351
     8      16       134       118   58.9909        68  0.468169  0.885243
     9      16       147       131   58.2132        52   1.17623  0.966295
    10      16       164       148   59.1909        68  0.339705  0.993522
    11      16       183       167    60.718        76  0.320314  0.986368
    12      16       197       181   60.3241        56  0.499879   1.00162
    13      16       218       202   62.1443        84  0.395872  0.992922
    14      16       232       216   61.7049        56  0.732279  0.980256
    15      16       240       224   59.7245        32  0.180111  0.972457
    16      16       248       232   57.9916        32  0.179376  0.966303
    17      16       252       236   55.5216        16  0.199261  0.958512
    18      16       271       255   56.6588        76  0.405835   1.02087
    19      16       286       270   56.8342        60  0.399583   1.07776
2015-01-13 18:01:39.065756min lat: 0.100323 max lat: 5.1281 avg lat: 1.05837
   sec Cur ops   started  finished  avg MB/s  cur MB/s  last lat   avg lat
    20      16       308       292   58.3919        88  0.529512   1.05837
    21      16       320       304   57.8968        48   1.78806   1.06417
    22      16       334       318   57.8104        56  0.399648   1.05672
    23      16       347       331   57.5574        52   1.27734   1.06991
    24      16       356       340    56.659        36  0.316882   1.05076
    25      16       363       347   55.5125        28  0.245738   1.04535
    26      16       374       358   55.0695        44  0.241558   1.05605
    27      16       374       358   53.0299         0         -   1.05605
    28      16       382       366   52.2788        16   5.86869    1.0992
    29      16       399       383   52.8205        68   0.11465   1.16255
    30      16       416       400   53.3263        68  0.182349   1.15553
    31      16       430       414   53.4123        56   3.00229   1.14623
    32      16       444       428    53.493        56  0.338319   1.14666
    33      16       456       440   53.3264        48   1.37689   1.14731
    34      16       469       453   53.2873        52  0.592944    1.1311
    35      16       474       458   52.3362        20   4.69214   1.15337
    36      16       483       467   51.8823        36  0.863148   1.17117
    37      16       505       489   52.8583        88  0.393387   1.17894
    38      16       528       512    53.888        92   1.53475   1.17196
    39      16       544       528   54.1472        64  0.849686    1.1658
2015-01-13 18:01:59.067880min lat: 0.100323 max lat: 6.05187 avg lat: 1.1658
   sec Cur ops   started  finished  avg MB/s  cur MB/s  last lat   avg lat
    40      16       555       539   53.8934        44   1.25205    1.1658
    41      16       572       556   54.2373        68   1.13748   1.16341
    42      16       587       571   54.3743        60  0.546069   1.14911
    43      16       598       582   54.1329        44  0.188194   1.13764
    44      16       605       589   53.5389        28  0.288859   1.12719
    45      16       613       597   53.0602        32  0.102784   1.13727
    46      16       627       611    53.124        56  0.111776   1.15957
    47      16       639       623   53.0148        48   0.95663   1.18073
    48      16       659       643   53.5768        80  0.212697   1.18008
    49      16       679       663   54.1158        80   1.89044   1.16852
    50      16       699       683   54.6333        80  0.943544    1.1628
    51      16       703       687   53.8757        16  0.234074   1.16172
    52      16       715       699   53.7626        48   0.18164   1.16146
    53      16       725       709   53.5028        40   3.05588   1.17083
    54      16       742       726   53.7711        68   1.98717   1.17839
    55      16       761       745   54.1751        76   1.12353   1.16997
    56      16       781       765    54.636        80  0.278869   1.15912
    57      16       796       780     54.73        60  0.475775    1.1553
    58      16       813       797   54.9586        68  0.671179   1.15228
    59      16       818       802    54.366        20   1.02969    1.1513
2015-01-13 18:02:19.070625min lat: 0.100323 max lat: 6.05187 avg lat: 1.15984
   sec Cur ops   started  finished  avg MB/s  cur MB/s  last lat   avg lat
    60      16       827       811   54.0598        36   1.38587   1.15984
    61      15       828       813   53.3047         8   1.75435   1.15937
    62      15       828       813   52.4449         0         -   1.15937
    63      15       828       813   51.6125         0         -   1.15937
 Total time run:         63.058462
Total writes made:      828
Write size:             4194304
Bandwidth (MB/sec):     52.523 

Stddev Bandwidth:       24.1726
Max bandwidth (MB/sec): 92
Min bandwidth (MB/sec): 0
Average Latency:        1.21508
Stddev Latency:         1.26899
Max latency:            6.05187
Min latency:            0.100323
