 Maintaining 16 concurrent writes of 4194304 bytes for up to 60 seconds or 0 objects
 Object prefix: benchmark_data_ceph-radosbench-1_1
   sec Cur ops   started  finished  avg MB/s  cur MB/s  last lat   avg lat
     0       0         0         0         0         0         -         0
     1      16        38        22   87.9684        88  0.980607  0.425756
     2      16        64        48   95.9758       104  0.249331   0.51524
     3      16        94        78   103.978       120  0.284916  0.547512
     4      16       119       103   102.981       100  0.199822  0.532722
     5      16       146       130   103.982       108  0.646557  0.558168
     6      16       171       155   103.315       100  0.156518  0.557206
     7      16       201       185   105.697       120   2.65016  0.541241
     8      16       230       214   106.982       116  0.191567  0.561307
     9      16       257       241   107.094       108  0.152493  0.568793
    10      16       276       260   103.984        76  0.543373  0.562757
    11      16       297       281   102.166        84  0.095651  0.567418
    12      16       327       311    103.65       120  0.221058  0.569789
    13      16       357       341   104.907       120  0.372346  0.590483
    14      16       385       369   105.412       112  0.702153  0.586346
    15      16       412       396   105.584       108  0.779265  0.575362
    16      16       435       419   104.734        92  0.211767   0.57928
    17      16       452       436   102.572        68  0.131218  0.575388
    18      16       470       454   100.873        72  0.250646  0.586883
    19      16       489       473   99.5634        76  0.094547  0.607476
2014-12-11 00:41:49.939465min lat: 0.094172 max lat: 4.44543 avg lat: 0.609556
   sec Cur ops   started  finished  avg MB/s  cur MB/s  last lat   avg lat
    20      16       515       499   99.7844       104  0.106231  0.609556
    21      16       536       520   99.0321        84  0.097763  0.606127
    22      16       546       530   96.3486        40  0.094664  0.598176
    23      16       559       543   94.4201        52  0.099484  0.629704
    24      16       572       556   92.6523        52  0.095827  0.618843
    25      16       580       564    90.226        32   4.66603  0.638914
    26      16       584       568   87.3711        16  0.098843   0.63527
    27      16       593       577   85.4684        36  0.145383  0.658404
    28      16       613       597   85.2727        80  0.108326  0.721382
    29      16       640       624   86.0558       108  0.276173  0.728861
    30      16       658       642   85.5869        72  0.095196  0.723723
    31      16       687       671   86.5674       116  0.221426   0.71784
    32      16       718       702   87.7366       124    0.1817  0.719079
    33      16       743       727   88.1078       100  0.176845  0.707872
    34      16       758       742   87.2808        60  0.100173  0.698448
    35      16       775       759   86.7296        68  0.124417  0.687686
    36      16       792       776   86.2091        68  0.095835  0.674782
    37      16       806       790   85.3924        56  0.097597  0.686213
    38      16       814       798   83.9872        32  0.096127   0.70331
    39      16       841       825   84.6025       108  0.303787  0.726208
2014-12-11 00:42:09.942421min lat: 0.093544 max lat: 6.6249 avg lat: 0.73629
   sec Cur ops   started  finished  avg MB/s  cur MB/s  last lat   avg lat
    40      16       872       856    85.587       124  0.810276   0.73629
    41      16       902       886   86.4258       120   0.20189  0.731861
    42      16       931       915   87.1295       116  0.666935  0.728634
    43      16       958       942   87.6145       108  0.873621  0.722782
    44      16       983       967   87.8957       100  0.739266  0.720045
    45      16      1008       992   88.1643       100  0.491476  0.713319
    46      16      1025      1009   87.7258        68  0.125424  0.706516
    47      16      1032      1016    86.455        28  0.095326  0.703011
    48      16      1045      1029    85.737        52  0.097085  0.707868
    49      16      1056      1040   84.8851        44  0.095218  0.701409
    50      16      1075      1059   84.7072        76  0.117767  0.706819
    51      16      1100      1084   85.0068       100  0.379489  0.724789
    52      16      1117      1101   84.6796        68   0.09741  0.716072
    53      16      1140      1124   84.8175        92  0.115472  0.734482
    54      16      1159      1143   84.6541        76   3.12502  0.741029
    55      16      1180      1164   84.6421        84  0.097218  0.737071
    56      16      1191      1175   83.9163        44   0.09527  0.737617
    57      16      1191      1175   82.4442         0         -  0.737617
    58      16      1191      1175   81.0228         0         -  0.737617
    59      16      1213      1197   81.1409   29.3333  0.094856  0.738497
2014-12-11 00:42:29.944867min lat: 0.093544 max lat: 6.6249 avg lat: 0.745506
   sec Cur ops   started  finished  avg MB/s  cur MB/s  last lat   avg lat
    60      16      1228      1212   80.7885        60  0.097102  0.745506
    61      16      1228      1212   79.4641         0         -  0.745506
    62      15      1228      1213    78.247         2   6.06591  0.749893
 Total time run:         62.458560
Total writes made:      1228
Write size:             4194304
Bandwidth (MB/sec):     78.644 

Stddev Bandwidth:       36.1193
Max bandwidth (MB/sec): 124
Min bandwidth (MB/sec): 0
Average Latency:        0.812645
Stddev Latency:         1.39932
Max latency:            8.79888
Min latency:            0.093544
