 Maintaining 16 concurrent writes of 4194304 bytes for up to 60 seconds or 0 objects
 Object prefix: benchmark_data_ceph-radosbench-1_1
   sec Cur ops   started  finished  avg MB/s  cur MB/s  last lat   avg lat
     0       0         0         0         0         0         -         0
     1      16        44        28   111.965       112  0.075157  0.309983
     2      16        74        58   115.971       120  0.698931  0.444934
     3      16       104        88   117.308       120  0.559736  0.475388
     4      16       139       123   122.976       140  0.072988  0.460801
     5      16       154       138    110.38        60    1.0695  0.493045
     6      16       172       156   103.982        72  0.098625  0.514592
     7      16       202       186   106.266       120  0.305953   0.54767
     8      16       220       204   101.982        72  0.544898  0.579434
     9      16       251       235   104.425       124   1.22788  0.591511
    10      16       277       261   104.381       104  0.165881  0.583346
    11      16       305       289   105.072       112  0.323822  0.582436
    12      16       320       304   101.316        60  0.157115  0.580191
    13      16       346       330   101.521       104   0.07347  0.601056
    14      16       366       350   99.9834        80  0.403433  0.621219
    15      16       392       376    100.25       104  0.229369  0.613702
    16      16       420       404   100.983       112  0.070581   0.61358
    17      16       454       438   103.042       136  0.475598  0.610682
    18      16       486       470   104.427       128  0.424391  0.598727
    19      16       506       490   103.141        80   1.45289  0.598684
2014-12-10 01:44:53.599978min lat: 0.06439 max lat: 2.98009 avg lat: 0.603727
   sec Cur ops   started  finished  avg MB/s  cur MB/s  last lat   avg lat
    20      16       529       513   102.583        92  0.163539  0.603727
    21      16       559       543   103.412       120  0.214726  0.603192
    22      16       578       562   102.165        76  0.197527  0.598841
    23      16       594       578   100.506        64   2.14671  0.611503
    24      15       609       594   98.9842        64   0.66591  0.612469
    25      16       624       608   97.2646        56   1.41491   0.63187
    26      16       653       637   97.9846       116  0.223748  0.640454
    27      16       679       663   98.2068       104   1.60227  0.638527
    28      16       704       688   98.2703       100  0.141981  0.631033
    29      16       730       714   98.4674       104  0.070464  0.640323
    30      16       750       734   97.8515        80  0.094844  0.637818
    31      16       771       755   97.4043        84  0.285338   0.63758
    32      16       786       770   96.2352        60   1.30546  0.645192
    33      16       801       785   95.1369        60  0.107398  0.639067
    34      16       805       789   92.8093        16  0.075542  0.639887
    35      16       828       812   92.7858        92  0.114385  0.660859
    36      16       853       837   92.9858       100  0.262488    0.6734
    37      16       871       855   92.4184        72  0.169153  0.673125
    38      16       890       874    91.986        76  0.894122  0.674416
    39      16       920       904   92.7039       120   3.63709  0.673692
2014-12-10 01:45:13.602743min lat: 0.06439 max lat: 4.69398 avg lat: 0.671861
   sec Cur ops   started  finished  avg MB/s  cur MB/s  last lat   avg lat
    40      16       943       927    92.686        92  0.118631  0.671861
    41      16       960       944   92.0836        68  0.105843  0.670591
    42      16       977       961     91.51        68  0.064903  0.665471
    43      16       993       977     90.87        64   0.21073  0.676117
    44      16      1026      1010   91.8044       132  0.283523   0.68565
    45      16      1056      1040   92.4306       120  0.421436  0.686975
    46      16      1086      1070   93.0296       120  0.320919  0.681595
    47      16      1109      1093   93.0074        92  0.115731  0.678014
    48      16      1130      1114   92.8194        84  0.158575  0.679185
    49      16      1143      1127   91.9863        52  0.099949  0.682387
    50      16      1167      1151   92.0664        96  0.094657  0.683981
    51      16      1199      1183   92.7706       128  0.754409  0.686266
    52      16      1227      1211   93.1401       112  0.068893  0.680202
    53      16      1247      1231    92.892        80  0.375729  0.677684
    54      16      1265      1249   92.5049        72  0.108662  0.682128
    55      16      1301      1285   93.4408       144   0.14055  0.680862
    56      16      1322      1306   93.2695        84  0.723419  0.679349
    57      16      1335      1319   92.5454        52   1.21533  0.680392
    58      16      1360      1344   92.6737       100  0.354634  0.679953
    59      16      1368      1352   91.6453        32  0.157639  0.678288
2014-12-10 01:45:33.606988min lat: 0.06439 max lat: 5.74262 avg lat: 0.690981
   sec Cur ops   started  finished  avg MB/s  cur MB/s  last lat   avg lat
    60      15      1390      1375   91.6509        92  0.314367  0.690981
 Total time run:         60.754549
Total writes made:      1390
Write size:             4194304
Bandwidth (MB/sec):     91.516 

Stddev Bandwidth:       29.8224
Max bandwidth (MB/sec): 144
Min bandwidth (MB/sec): 0
Average Latency:        0.696508
Stddev Latency:         0.810906
Max latency:            5.74262
Min latency:            0.06439
