 Maintaining 16 concurrent writes of 4194304 bytes for up to 60 seconds or 0 objects
 Object prefix: benchmark_data_ceph-radosbench-1_1
   sec Cur ops   started  finished  avg MB/s  cur MB/s  last lat   avg lat
     0       0         0         0         0         0         -         0
     1      16        32        16   63.9813        64  0.973151  0.560428
     2      16        49        33   65.9854        68  0.677352  0.717882
     3      16        65        49   65.3204        64  0.730793  0.777465
     4      16        74        58   57.9896        36  0.393684  0.803668
     5      16        81        65   51.9915        28  0.284538  0.913688
     6      16        99        83    55.325        72   1.56967   1.02005
     7      16       110        94   53.7065        44  0.353918   1.03473
     8      16       126       110    54.992        64   1.60874   1.07816
     9      16       142       126   55.9918        64  0.834085   1.06655
    10      16       157       141   56.3916        60  0.770863   1.06491
    11      16       169       153   55.6281        48   1.65385   1.07504
    12      16       183       167   55.6584        56   0.66435    1.1006
    13      16       191       175   53.8384        32   0.65747   1.08337
    14      16       204       188   53.7067        52  0.212072   1.12953
    15      16       222       206   54.9256        72  0.810249   1.12159
    16      16       236       220   54.9923        56  0.204285   1.11369
    17      16       250       234   55.0512        56  0.342971   1.11209
    18      16       265       249   55.3258        60   1.61725   1.12151
    19      16       277       261   54.9399        48   1.06029   1.12164
2014-12-09 23:04:45.951223min lat: 0.135967 max lat: 2.96067 avg lat: 1.12589
   sec Cur ops   started  finished  avg MB/s  cur MB/s  last lat   avg lat
    20      16       285       269   53.7928        32  0.268509   1.12589
    21      16       294       278   52.9453        36  0.159644    1.1337
    22      16       311       295   53.6293        68  0.397495   1.13585
    23      16       326       310    53.906        60  0.292672   1.14945
    24      16       340       324   53.9931        56  0.926355   1.15283
    25      16       355       339   54.2331        60  0.748021   1.14633
    26      16       367       351   53.9932        48  0.236563   1.13889
    27      16       374       358   53.0303        28  0.333563   1.14203
    28      16       385       369   52.7076        44  0.302946   1.16052
    29      16       404       388   53.5104        76   2.67394   1.17508
    30      16       415       399   53.1932        44  0.346509   1.17133
    31      16       431       415   53.5416        64   1.40825   1.17183
    32      16       447       431   53.8682        64   1.62119   1.16514
    33      16       459       443   53.6903        48   1.19876   1.16677
    34      16       466       450   52.9346        28  0.404048   1.16513
    35      16       475       459   52.4506        36   1.70474   1.18186
    36      16       495       479   53.2156        80  0.378887   1.18016
    37      16       513       497    53.723        72  0.276572   1.17305
    38      16       526       510   53.6775        52  0.951484    1.1671
    39      16       541       525   53.8394        60  0.520356   1.16228
2014-12-09 23:05:05.953507min lat: 0.135611 max lat: 3.55303 avg lat: 1.16053
   sec Cur ops   started  finished  avg MB/s  cur MB/s  last lat   avg lat
    40      16       552       536   53.5933        44  0.770118   1.16053
    41      16       560       544   53.0665        32   1.75481   1.16379
    42      16       577       561   53.4219        68  0.726136   1.17831
    43      16       589       573   53.2957        48  0.241615   1.17617
    44      16       611       595   54.0843        88  0.665525   1.17364
    45      16       624       608   54.0378        52  0.947299   1.16876
    46      16       637       621   53.9933        52    1.0378   1.16814
    47      16       648       632   53.7806        44   0.84679   1.16564
    48      16       658       642   53.4934        40   2.59003   1.17221
    49      16       665       649   52.9731        28  0.320994   1.17919
    50      16       676       660   52.7936        44  0.561905   1.18614
    51      16       692       676   53.0132        64    1.7418   1.19171
    52      16       707       691   53.1474        60  0.685078   1.18602
    53      16       724       708   53.4274        68   1.63068   1.18384
    54      16       728       712   52.7343        16  0.110963   1.18225
    55      16       739       723   52.5754        44   1.95886   1.19364
    56      16       751       735   52.4935        48    2.4849   1.20033
    57      16       757       741   51.9936        24   1.50271   1.20252
    58      16       771       755   52.0626        56  0.376297    1.2011
    59      16       790       774   52.4681        76  0.797611   1.20282
2014-12-09 23:05:25.955928min lat: 0.110674 max lat: 4.28203 avg lat: 1.1969
   sec Cur ops   started  finished  avg MB/s  cur MB/s  last lat   avg lat
    60      16       797       781   52.0603        28  0.806477    1.1969
    61      16       798       782   51.2724         4  0.320281   1.19578
    62      16       798       782   50.4454         0         -   1.19578
    63       7       798       791   50.2161        18   6.60262   1.22841
 Total time run:         63.018174
Total writes made:      798
Write size:             4194304
Bandwidth (MB/sec):     50.652 

Stddev Bandwidth:       19.0632
Max bandwidth (MB/sec): 88
Min bandwidth (MB/sec): 0
Average Latency:        1.25669
Stddev Latency:         0.871231
Max latency:            6.60262
Min latency:            0.110674
