 Maintaining 16 concurrent writes of 4194304 bytes for up to 60 seconds or 0 objects
 Object prefix: benchmark_data_ceph-radosbench-1_1
   sec Cur ops   started  finished  avg MB/s  cur MB/s  last lat   avg lat
     0       0         0         0         0         0         -         0
     1      16        36        20   79.9758        80  0.412677  0.493747
     2      16        57        41   81.9814        84  0.860059   0.56878
     3      16        76        60   79.9839        76  0.352399  0.665067
     4      16        83        67   66.9876        28    1.4751   0.70611
     5      16        97        81   64.7886        56   1.19874  0.773875
     6      16       119       103   68.6553        88  0.197317  0.841925
     7      16       134       118   67.4176        60  0.608685  0.846508
     8      16       150       134    66.989        64  0.536158  0.874289
     9      16       171       155   68.8775        84  0.792622   0.89028
    10      16       185       169    67.589        56  0.897944   0.88902
    11      16       199       183   66.5347        56  0.480653  0.899334
    12      16       217       201   66.9895        72  0.773803  0.910558
    13      16       227       211   64.9129        40  0.917161  0.898703
    14      16       235       219   62.5617        32  0.184606  0.893504
    15      16       243       227   60.5242        32  0.282389  0.872777
    16      16       248       232   57.9915        20  0.303528   0.91684
    17      16       264       248   58.3445        64  0.215881  0.976267
    18      16       281       265   58.8804        68   1.31806   1.04011
    19      16       294       278   58.5179        52   0.29036   1.03346
2015-01-13 17:59:21.172498min lat: 0.102522 max lat: 5.23427 avg lat: 1.03095
   sec Cur ops   started  finished  avg MB/s  cur MB/s  last lat   avg lat
    20      16       314       298   59.5914        80  0.251427   1.03095
    21      16       326       310    59.039        48  0.181507   1.02508
    22      16       332       316   57.4461        24  0.161788   1.01362
    23      16       338       322   55.9918        24  0.228381   1.03152
    24      16       338       322   53.6589         0         -   1.03152
    25      16       341       325   51.9926         6   5.31946    1.0733
    26      15       358       343   52.7618        72   5.37197    1.1069
    27      16       377       361   53.4739        72    4.4673   1.15717
    28      16       391       375   53.5639        56  0.421718   1.15242
    29      16       407       391   53.9235        64  0.252508   1.15175
    30      16       423       407   54.2591        64   2.06626   1.15167
    31      16       440       424   54.7021        68  0.447209   1.12939
    32      16       451       435   54.3676        44  0.160773   1.12644
    33      16       461       445   53.9321        40  0.505665   1.11256
    34      16       470       454   53.4046        36  0.290807   1.10316
    35      16       471       455   51.9931         4  0.289985   1.10137
    36      16       475       459   50.9933        16  0.204666    1.1339
    37      16       495       479    51.777        80  0.288657   1.17047
    38      16       518       502   52.8351        92  0.366507    1.1797
    39      16       534       518   53.1212        64  0.330871   1.18098
2015-01-13 17:59:41.174871min lat: 0.095768 max lat: 6.5578 avg lat: 1.18403
   sec Cur ops   started  finished  avg MB/s  cur MB/s  last lat   avg lat
    40      16       550       534    53.393        64   1.71071   1.18403
    41      16       568       552   53.8466        72  0.773452   1.17042
    42      16       577       561   53.4215        36  0.487883   1.16019
    43      16       589       573   53.2953        48  0.178859   1.14496
    44      16       597       581   52.8112        32  0.179968   1.14865
    45      16       602       586    52.082        20  0.344797   1.14181
    46      16       608       592   51.4715        24    5.3506   1.17682
    47      16       628       612   52.0783        80  0.515422   1.20063
    48      16       633       617     51.41        20  0.807782   1.19403
    49      16       647       631   51.5036        56  0.187926   1.19838
    50      16       665       649   51.9134        72  0.206242   1.20448
    51      16       679       663   51.9934        56  0.525205   1.20373
    52      16       687       671   51.6088        32  0.180365    1.1997
    53      16       704       688    51.918        68  0.419241   1.20468
    54      16       714       698   51.6971        40  0.379383   1.19217
    55      16       716       700   50.9026         8  0.181629   1.18933
    56      16       731       715   51.0649        60  0.505713   1.22274
    57      16       747       731   51.2917        64  0.277729   1.22779
    58      16       758       742   51.1659        44   1.38194   1.23281
    59      16       775       759   51.4511        68  0.238437    1.2301
2015-01-13 18:00:01.177132min lat: 0.094861 max lat: 6.5578 avg lat: 1.22043
   sec Cur ops   started  finished  avg MB/s  cur MB/s  last lat   avg lat
    60      16       798       782   52.1268        92   1.53432   1.22043
    61      15       799       784   51.4033         8   1.11303   1.21897
    62      13       799       786   50.7033         8   1.66484   1.22001
    63      13       799       786   49.8985         0         -   1.22001
    64       4       799       795   49.6813        18   3.81002   1.25288
 Total time run:         64.468130
Total writes made:      799
Write size:             4194304
Bandwidth (MB/sec):     49.575 

Stddev Bandwidth:       25.9916
Max bandwidth (MB/sec): 92
Min bandwidth (MB/sec): 0
Average Latency:        1.27045
Stddev Latency:         1.46514
Max latency:            6.5578
Min latency:            0.094861
