 Maintaining 16 concurrent writes of 4194304 bytes for up to 60 seconds or 0 objects
 Object prefix: benchmark_data_ceph-radosbench-1_1
   sec Cur ops   started  finished  avg MB/s  cur MB/s  last lat   avg lat
     0       0         0         0         0         0         -         0
     1      16        35        19   75.9759        76  0.948959  0.503041
     2      16        58        42   83.9793        92   0.82206  0.501514
     3      16        90        74   98.6458       128  0.546609  0.599273
     4      16       119       103   102.979       116    0.2024  0.573753
     5      16       145       129   103.179       104  0.338954  0.565441
     6      16       153       137   91.3153        32  0.767726  0.557227
     7      16       178       162   92.5538       100  0.968324   0.61104
     8      16       199       183   91.4831        84  0.070462  0.638503
     9      16       212       196   87.0951        52   1.15441  0.666128
    10      16       225       209   83.5849        52  0.067138  0.683003
    11      16       250       234   85.0759       100   0.13373  0.718249
    12      16       265       249   82.9854        60   1.62983  0.737663
    13      16       282       266   81.8319        68  0.318879  0.732947
    14      16       302       286   81.7001        80   0.09729  0.734954
    15      16       326       310   82.6489        96   1.19755  0.744558
    16      16       355       339   84.7321       116  0.639833  0.735127
    17      16       369       353   83.0417        56  0.145272  0.729285
    18      16       380       364   80.8725        44  0.288549  0.732587
    19      16       396       380   79.9841        64  0.161901  0.742544
2014-12-10 01:31:01.448007min lat: 0.06702 max lat: 3.54926 avg lat: 0.760867
   sec Cur ops   started  finished  avg MB/s  cur MB/s  last lat   avg lat
    20      16       421       405   80.9842       100  0.444722  0.760867
    21      16       442       426   81.1272        84   1.45321  0.764023
    22      16       467       451   81.9844       100  0.239626  0.756917
    23      16       503       487   84.6798       144   0.21527  0.748819
    24      16       517       501   83.4845        56   1.00136  0.742272
    25      16       540       524   83.8246        92   0.08307  0.740712
    26      16       551       535   82.2928        44  0.141377   0.74316
    27      16       561       545   80.7263        40  0.861604  0.749543
    28      16       577       561   80.1283        64   0.45225  0.749064
    29      16       593       577   79.5718        64  0.313923  0.757938
    30      16       611       595   79.3191        72   0.58621  0.777439
    31      16       637       621   80.1147       104  0.136814  0.781684
    32      16       647       631    78.861        40  0.099139  0.784514
    33      16       667       651   78.8951        80   1.58051   0.79033
    34      16       694       678   79.7506       108  0.384804  0.787339
    35      16       725       709   81.0143       124   0.06645  0.778258
    36      16       735       719   79.8747        40  0.257645   0.77715
    37      16       757       741   80.0939        88  0.697332  0.784681
    38      16       778       762   80.1962        84   0.19488  0.773135
    39      16       788       772   79.1653        40   1.58519   0.78396
2014-12-10 01:31:21.451294min lat: 0.06551 max lat: 4.71658 avg lat: 0.79691
   sec Cur ops   started  finished  avg MB/s  cur MB/s  last lat   avg lat
    40      16       811       795   79.4857        92  0.537627   0.79691
    41      16       836       820   79.9856       100  0.244956  0.791036
    42      16       862       846   80.5569       104  0.065721  0.784427
    43      16       885       869   80.8227        92   0.25752  0.783806
    44      16       905       889   80.8037        80  0.151658  0.779224
    45      16       920       904   80.3412        60  0.162249  0.779022
    46      16       936       920   79.9858        64  0.706243  0.780181
    47      16       952       936   79.6453        64  0.064165  0.786673
    48      16       977       961    80.069       100   1.54516  0.794108
    49      16       991       975   79.5776        56  0.067489  0.794178
    50      16      1012       996   79.6658        84  0.596817  0.792149
    51      16      1046      1030     80.77       136   1.34214  0.787171
    52      16      1061      1045   80.3704        60  0.162076  0.783387
    53      16      1079      1063   80.2122        72  0.286903  0.787219
    54      16      1105      1089   80.6525       104  0.068345  0.785929
    55      16      1116      1100    79.986        44   1.08725  0.786914
    56      16      1127      1111   79.3432        44   2.97444   0.78738
    57      16      1150      1134    79.565        92  0.777689  0.780241
    58      16      1160      1144   78.8827        40  0.465236   0.78549
    59      16      1177      1161   78.6981        68  0.522473  0.793687
2014-12-10 01:31:41.454565min lat: 0.064165 max lat: 5.55797 avg lat: 0.79606
   sec Cur ops   started  finished  avg MB/s  cur MB/s  last lat   avg lat
    60      16      1193      1177    78.453        64  0.389537   0.79606
    61      15      1194      1179    77.298         8   3.60417  0.800756
 Total time run:         61.705596
Total writes made:      1194
Write size:             4194304
Bandwidth (MB/sec):     77.400 

Stddev Bandwidth:       29.5407
Max bandwidth (MB/sec): 144
Min bandwidth (MB/sec): 0
Average Latency:        0.824811
Stddev Latency:         0.883366
Max latency:            5.55797
Min latency:            0.064165
