 Maintaining 16 concurrent writes of 4194304 bytes for up to 60 seconds or 0 objects
 Object prefix: benchmark_data_ceph-radosbench-1_1
   sec Cur ops   started  finished  avg MB/s  cur MB/s  last lat   avg lat
     0       0         0         0         0         0         -         0
     1      16        34        18   71.9762        72   0.55941  0.450464
     2      16        64        48   95.9771       120   1.41987  0.545639
     3      16        76        60   79.9835        48  0.399462  0.591951
     4      16        95        79   78.9852        76   1.44281   0.66532
     5      16       109        93   74.3867        56  0.377272  0.723562
     6      16       120       104   69.3217        44  0.067912  0.747295
     7      16       130       114   65.1322        40  0.207628  0.745844
     8      16       144       128   63.9893        56  0.316996  0.803648
     9      16       164       148   65.7668        80  0.274805  0.902988
    10      16       177       161   64.3894        52  0.428161   0.89392
    11      16       194       178   64.7168        68  0.263898  0.916809
    12      16       206       190   63.3231        48   1.00066  0.911967
    13      16       220       204   62.7593        56  0.141574   0.90996
    14      16       229       213   60.8476        36  0.430268  0.897201
    15      16       236       220   58.6575        28  0.067042  0.880164
    16      16       240       224   55.9914        16  0.073179  0.940874
    17      16       253       237   55.7561        52  0.343908   1.03253
    18      16       268       252   55.9915        60  0.612627   1.07623
    19      16       281       265    55.781        52  0.067466   1.07469
2014-12-09 23:09:46.264421min lat: 0.066706 max lat: 6.08926 avg lat: 1.08116
   sec Cur ops   started  finished  avg MB/s  cur MB/s  last lat   avg lat
    20      16       301       285   56.9914        80  0.152168   1.08116
    21      16       311       295    56.182        40  0.344734   1.08499
    22      16       316       300   54.5374        20  0.285968   1.08016
    23      16       323       307   53.3834        28  0.789214   1.07272
    24      16       334       318   52.9922        44  0.487919   1.09112
    25      16       341       325   51.9923        28  0.302377   1.11711
    26      16       367       351   53.9921       104  0.258549   1.15151
    27      16       382       366   54.2143        60  0.244533   1.13583
    28      16       395       379    54.135        52  0.258217   1.13733
    29      16       412       396   54.6128        68  0.599296   1.13825
    30      16       432       416   55.4586        80  0.391699   1.12843
    31      16       441       425   54.8308        36   2.06677   1.13061
    32      16       456       440   54.9921        60  0.465756   1.11735
    33      16       470       454   55.0224        56  0.399074   1.09887
    34      16       483       467   54.9333        52  0.072112   1.12597
    35      16       496       480   54.8493        52  0.141478   1.13154
    36      16       518       502   55.7697        88   0.51378   1.13042
    37      16       534       518    55.992        64  0.876832   1.12243
    38      16       551       535   56.3077        68  0.833069   1.11456
    39      16       573       557     57.12        88   0.26426   1.09958
2014-12-09 23:10:06.267156min lat: 0.065341 max lat: 6.08926 avg lat: 1.09069
   sec Cur ops   started  finished  avg MB/s  cur MB/s  last lat   avg lat
    40      16       582       566   56.5919        36  0.491371   1.09069
    41      16       593       577   56.2846        44  0.212873   1.09091
    42      16       614       598   56.9442        84   0.09817   1.10246
    43      16       628       612   56.9217        56  0.846653   1.10493
    44      16       648       632   57.4459        80   1.45362   1.10011
    45      16       663       647   57.5025        60   0.06575   1.09108
    46      16       682       666   57.9044        76  0.333424   1.08708
    47      16       689       673   57.2681        28   1.10504     1.085
    48      16       699       683   56.9082        40   3.57658   1.09622
    49      16       711       695   56.7262        48  0.360866   1.08883
    50      16       724       708   56.6316        52  0.287064   1.09151
    51      16       746       730   57.2464        88  0.862065   1.09901
    52      16       761       745   57.2992        60  0.178164   1.10162
    53      16       771       755   56.9727        40  0.291725   1.09684
    54      16       791       775   57.3989        80  0.607421   1.09997
    55      16       802       786   57.1552        44   1.58054     1.103
    56      16       823       807   57.6344        84  0.670777   1.08822
    57      16       835       819   57.4652        48  0.136371   1.07911
    58      16       847       831   57.3019        48   4.78292   1.08654
    59      16       867       851   57.6865        80   1.61149   1.09883
2014-12-09 23:10:26.270173min lat: 0.065129 max lat: 6.08926 avg lat: 1.09493
   sec Cur ops   started  finished  avg MB/s  cur MB/s  last lat   avg lat
    60      16       883       867   57.7915        64  0.298092   1.09493
    61      14       884       870   57.0408        12   1.59248   1.09706
 Total time run:         61.577021
Total writes made:      884
Write size:             4194304
Bandwidth (MB/sec):     57.424 

Stddev Bandwidth:       22.3706
Max bandwidth (MB/sec): 120
Min bandwidth (MB/sec): 0
Average Latency:        1.10896
Stddev Latency:         1.16635
Max latency:            6.08926
Min latency:            0.065129
