 Maintaining 16 concurrent writes of 4194304 bytes for up to 60 seconds or 0 objects
 Object prefix: benchmark_data_ceph-radosbench-1_1
   sec Cur ops   started  finished  avg MB/s  cur MB/s  last lat   avg lat
     0       0         0         0         0         0         -         0
     1      16        41        25   99.9688       100  0.556748  0.372174
     2      16        72        56   111.973       124  0.299285  0.398883
     3      16       104        88   117.309       128  0.126861  0.461915
     4      16       136       120   119.976       128  0.235322  0.450122
     5      16       166       150   119.977       120  0.339354  0.460869
     6      16       188       172   114.646        88  0.256271  0.480862
     7      16       212       196    111.98        96  0.685922  0.522324
     8      15       241       226    112.98       120  0.096774   0.51805
     9      16       272       256   113.758       120  0.304843  0.538334
    10      16       295       279   111.581        92   0.13441  0.551433
    11      16       328       312   113.435       132  0.254796  0.540456
    12      16       357       341   113.647       116  0.684741  0.535326
    13      16       376       360   110.751        76  0.450294  0.535683
    14      16       394       378   107.982        72  0.087055  0.552992
    15      16       420       404   107.715       104  0.072166   0.56989
    16      16       460       444   110.982       160  0.664045  0.567544
    17      16       485       469   110.335       100  0.196964  0.560462
    18      16       516       500   111.093       124   0.29122  0.555853
    19      16       540       524   110.298        96  0.399754  0.551629
2014-12-10 02:13:08.340268min lat: 0.066998 max lat: 3.10099 avg lat: 0.561049
   sec Cur ops   started  finished  avg MB/s  cur MB/s  last lat   avg lat
    20      16       562       546   109.183        88  0.102035  0.561049
    21      16       596       580   110.458       136  0.131632  0.563574
    22      16       623       607   110.346       108   0.42642  0.553615
    23      15       643       628     109.2        84  0.438345  0.560277
    24      16       675       659   109.816       124  0.250883  0.565481
    25      16       695       679   108.623        80  0.084231   0.56992
    26      16       714       698   107.368        76  0.169475  0.585577
    27      16       742       726   107.539       112  0.456647  0.581634
    28      16       764       748    106.84        88  0.260695  0.584264
    29      16       795       779   107.432       124  0.072061   0.58354
    30      16       818       802   106.917        92  0.147336   0.58142
    31      16       839       823   106.177        84  0.137596  0.576695
    32      16       854       838   104.734        60  0.100027  0.592275
    33      16       876       860   104.226        88  0.229384  0.603724
    34      16       904       888   104.453       112  0.857557   0.60495
    35      16       929       913   104.326       100  0.172352  0.603283
    36      16       950       934   103.761        84  0.104611  0.600601
    37      16       976       960   103.767       104   2.56153  0.605449
    38      16       993       977   102.825        68  0.073627  0.600844
    39      16      1002       986   101.112        36  0.096072  0.606173
2014-12-10 02:13:28.343636min lat: 0.066087 max lat: 3.74908 avg lat: 0.619583
   sec Cur ops   started  finished  avg MB/s  cur MB/s  last lat   avg lat
    40      15      1027      1012   101.183       104   2.96238  0.619583
    41      16      1058      1042   101.642       120  0.069917  0.623246
    42      16      1093      1077   102.555       140  0.070328  0.619017
    43      16      1118      1102   102.495       100  0.706788  0.614302
    44      16      1138      1122   101.983        80  0.068334  0.615583
    45      16      1171      1155    102.65       132  0.142025  0.611544
    46      16      1192      1176   102.244        84  0.120316  0.611248
    47      16      1212      1196   101.771        80  0.105879  0.610382
    48      16      1232      1216   101.317        80  0.095522   0.61616
    49      16      1249      1233   100.636        68   0.13648  0.627711
    50      16      1280      1264   101.103       124  0.536347  0.624737
    51      16      1310      1294   101.473       120  0.067841  0.619962
    52      16      1333      1317   101.291        92  0.610681  0.619272
    53      16      1349      1333   100.587        64  0.124619  0.614951
    54      16      1372      1356   100.428        92  0.293154  0.621753
    55      16      1396      1380   100.347        96    1.2249  0.627262
    56      16      1428      1412    100.84       128  0.076921  0.625135
    57      16      1463      1447   101.527       140  0.419437   0.62554
    58      16      1491      1475   101.707       112  0.236754  0.622481
    59      16      1520      1504   101.949       116   0.15836  0.619787
2014-12-10 02:13:48.346853min lat: 0.065448 max lat: 3.87804 avg lat: 0.616507
   sec Cur ops   started  finished  avg MB/s  cur MB/s  last lat   avg lat
    60      16      1537      1521   101.383        68  0.099835  0.616507
    61      16      1538      1522    99.787         4   3.58659  0.618459
    62      16      1538      1522   98.1776         0         -  0.618459
 Total time run:         62.708458
Total writes made:      1538
Write size:             4194304
Bandwidth (MB/sec):     98.105 

Stddev Bandwidth:       31.7344
Max bandwidth (MB/sec): 160
Min bandwidth (MB/sec): 0
Average Latency:        0.652307
Stddev Latency:         0.821341
Max latency:            5.66349
Min latency:            0.065448
