 Maintaining 16 concurrent writes of 4194304 bytes for up to 60 seconds or 0 objects
 Object prefix: benchmark_data_ceph-radosbench-1_1
   sec Cur ops   started  finished  avg MB/s  cur MB/s  last lat   avg lat
     0       0         0         0         0         0         -         0
     1      16        40        24   95.9657        96  0.524756  0.485598
     2      16        67        51   101.973       108  0.507481  0.458842
     3      16        95        79    105.31       112  0.476428  0.469123
     4      16       123       107   106.978       112  0.299418   0.46386
     5      16       148       132   105.578       100  0.319897  0.542893
     6      16       180       164   109.312       128   1.38163  0.549644
     7      16       208       192   109.693       112  0.493992  0.549553
     8      16       235       219    109.48       108  0.298355  0.545075
     9      16       265       249   110.647       120  0.305189  0.543377
    10      16       287       271   108.381        88  0.625957  0.543586
    11      16       318       302   109.799       124  0.585687   0.56763
    12      16       347       331   110.315       116  0.938441  0.565716
    13      16       373       357   109.828       104  0.222378  0.564632
    14      16       398       382   109.125       100   0.41072  0.568652
    15      16       424       408   108.782       104  0.248124  0.562661
    16      16       451       435   108.732       108  0.423406  0.569722
    17      16       484       468     110.1       132  0.392391  0.570703
    18      16       511       495   109.982       108  0.357848  0.566986
    19      16       541       525   110.509       120  0.268257  0.564367
2014-12-11 00:59:14.022218min lat: 0.106122 max lat: 3.36481 avg lat: 0.565375
   sec Cur ops   started  finished  avg MB/s  cur MB/s  last lat   avg lat
    20      16       569       553   110.583       112  0.428054  0.565375
    21      16       588       572   108.935        76  0.146959  0.561672
    22      16       618       602   109.437       120  0.273101   0.57204
    23      16       652       636   110.591       136  0.702345  0.572071
    24      16       678       662   110.316       104   1.25196  0.570433
    25      16       703       687   109.903       100  0.966007  0.572152
    26      16       737       721   110.906       136  0.613437  0.571247
    27      16       761       745   110.353        96  0.424716  0.569007
    28      16       784       768   109.698        92  0.485487  0.570472
    29      16       816       800   110.328       128  0.184432   0.57137
    30      16       845       829   110.516       116  0.537552  0.568261
    31      16       868       852   109.892        92  0.195647  0.569579
    32      16       903       887   110.832       140  0.390312  0.572736
    33      16       931       915   110.867       112  0.302821  0.572328
    34      16       962       946   111.253       124   0.39972  0.571845
    35      16       983       967   110.474        84  0.696738  0.572352
    36      16      1009       993   110.293       104  0.173047  0.569315
    37      16      1035      1019   110.123       104  0.126304     0.563
    38      16      1065      1049   110.383       120  0.310017  0.565443
    39      16      1097      1081   110.834       128  0.249084  0.572098
2014-12-11 00:59:34.032608min lat: 0.097024 max lat: 3.41418 avg lat: 0.57159
   sec Cur ops   started  finished  avg MB/s  cur MB/s  last lat   avg lat
    40      16      1128      1112   111.162       124  0.577843   0.57159
    41      16      1152      1136   110.792        96  0.201671   0.57096
    42      16      1183      1167   111.106       124  0.319179  0.571238
    43      16      1209      1193   110.941       104  0.576121  0.571292
    44      16      1233      1217   110.601        96  0.367918  0.570876
    45      16      1261      1245   110.632       112  0.194955  0.569971
    46      16      1296      1280    111.27       140  0.249053  0.571822
    47      16      1321      1305    111.03       100  0.559148  0.572336
    48      16      1351      1335   111.216       120   0.30018  0.570569
    49      16      1382      1366   111.477       124  0.582125  0.568947
    50      16      1405      1389   111.087        92   1.73098   0.56918
    51      16      1436      1420    111.34       124   1.55488  0.571044
    52      16      1462      1446   111.198       104  0.361482  0.571476
    53      16      1493      1477   111.439       124  0.485262  0.570705
    54      16      1516      1500   111.079        92  0.429112  0.571126
    55      16      1548      1532   111.387       128  0.577064  0.571032
    56      16      1578      1562    111.54       120   0.37449  0.571107
    57      16      1605      1589   111.478       108  0.292877  0.571077
    58      16      1628      1612   111.142        92   0.28813  0.571042
    59      16      1658      1642   111.291       120  0.275066  0.571888
2014-12-11 00:59:54.035392min lat: 0.097024 max lat: 3.41418 avg lat: 0.571122
   sec Cur ops   started  finished  avg MB/s  cur MB/s  last lat   avg lat
    60      16      1687      1671    111.37       116  0.283542  0.571122
 Total time run:         60.415966
Total writes made:      1688
Write size:             4194304
Bandwidth (MB/sec):     111.759 

Stddev Bandwidth:       20.2554
Max bandwidth (MB/sec): 140
Min bandwidth (MB/sec): 0
Average Latency:        0.572097
Stddev Latency:         0.453653
Max latency:            3.41418
Min latency:            0.097024
