 Maintaining 16 concurrent writes of 4194304 bytes for up to 60 seconds or 0 objects
 Object prefix: benchmark_data_ceph-radosbench-1_1
   sec Cur ops   started  finished  avg MB/s  cur MB/s  last lat   avg lat
     0       0         0         0         0         0         -         0
     1      15        21         6    23.991        24  0.995968   0.64831
     2      16        29        13   25.9927        28   1.89722    1.1339
     3      16        35        19   25.3274        24   2.33459    1.5259
     4      16        38        22   21.9953        12   2.95155     1.738
     5      16        44        28   22.3955        24   2.83126   2.01262
     6      16        50        34   22.6623        24   2.75127   2.17545
     7      16        56        40   22.8529        24   2.42387   2.22968
     8      16        62        46   22.9959        24   2.65654   2.29106
     9      16        68        52   23.1071        24   2.70244   2.35747
    10      16        68        52   20.7964         0         -   2.35747
    11      16        77        61   22.1781        18   3.14349   2.51379
    12      16        83        67   22.3296        24   2.97179   2.56824
    13      16        89        73   22.4579        24   2.42311   2.56926
    14      16        95        79   22.5678        24   2.64326    2.5787
    15      16       101        85    22.663        24   2.72839   2.59918
    16      16       101        85   21.2466         0         -   2.59918
    17      16       107        91   21.4084        12   3.30785   2.65966
    18      16       116       100   22.2187        36   3.00041    2.7097
    19      16       119       103   21.6807        12   2.24266   2.70768
2015-01-13 08:00:06.689539min lat: 0.177969 max lat: 3.93542 avg lat: 2.70069
   sec Cur ops   started  finished  avg MB/s  cur MB/s  last lat   avg lat
    20      16       125       109   21.7965        24   2.52214   2.70069
    21      16       131       115   21.9013        24   2.70351   2.70623
    22      16       134       118   21.4511        12   2.70413   2.71015
    23      16       140       124   21.5618        24   3.28463   2.74924
    24      16       146       130   21.6632        24   2.98865   2.77231
    25      16       152       136   21.7566        24   2.19157   2.77668
    26      16       158       142   21.8427        24   2.53108   2.76849
    27      16       164       148   21.9225        24   2.71419   2.77014
    28      16       167       151   21.5681        12   2.71164   2.77215
    29      16       170       154    21.238        12   3.45756   2.78905
    30      16       179       163   21.7299        36   3.06246   2.82197
    31      16       185       169    21.803        24   2.23395   2.82612
    32      16       191       175   21.8716        24   2.50913    2.8179
    33      16       194       178   21.5724        12   2.62478   2.81663
    34      16       200       184   21.6437        24   2.71368   2.81823
    35      16       203       187   21.3681        12   3.37323   2.83004
    36      16       209       193   21.4411        24   3.15896   2.84655
    37      16       215       199   21.5102        24   2.95746    2.8552
    38      16       221       205   21.5756        24   2.41929   2.84708
    39      16       227       211   21.6377        24   2.61909   2.84297
2015-01-13 08:00:26.692507min lat: 0.177969 max lat: 4.01063 avg lat: 2.84359
   sec Cur ops   started  finished  avg MB/s  cur MB/s  last lat   avg lat
    40      16       233       217   21.6967        24   2.70556   2.84359
    41      16       233       217   21.1675         0         -   2.84359
    42      16       242       226   21.5205        18   3.25634   2.87052
    43      16       248       232   21.5781        24   3.07114   2.87997
    44      16       254       238    21.633        24   2.41515   2.87291
    45      16       260       244   21.6855        24   2.63496   2.86857
    46      16       266       250   21.7358        24   2.71642   2.86863
    47      16       266       250   21.2733         0         -   2.86863
    48      16       272       256     21.33        12   3.32783   2.88449
    49      16       279       263   21.4661        28   3.50039   2.89596
    50      16       284       268   21.4367        20   2.22982   2.89427
    51      16       290       274   21.4869        24   2.51098   2.88749
    52      16       296       280   21.5351        24   2.70022   2.88581
    53      16       299       283   21.3552        12   2.70138   2.88549
    54      16       305       289   21.4041        24   3.33592    2.8995
    55      16       311       295   21.4513        24   3.03023   2.90767
    56      16       317       301   21.4967        24   2.22447   2.90803
    57      16       323       307   21.5406        24   2.51532   2.90176
    58      16       329       313   21.5829        24   2.70888       2.9
    59      16       332       316   21.4205        12   2.70583   2.89972
2015-01-13 08:00:46.695463min lat: 0.177969 max lat: 4.01939 avg lat: 2.90675
   sec Cur ops   started  finished  avg MB/s  cur MB/s  last lat   avg lat
    60      16       335       319   21.2634        12   3.45975   2.90675
    61       8       336       328   21.5049        36   2.97374   2.91803
    62       2       336       334   21.5451        24   2.14396     2.917
 Total time run:         62.323176
Total writes made:      336
Write size:             4194304
Bandwidth (MB/sec):     21.565 

Stddev Bandwidth:       8.30462
Max bandwidth (MB/sec): 36
Min bandwidth (MB/sec): 0
Average Latency:        2.91378
Stddev Latency:         0.57437
Max latency:            4.01939
Min latency:            0.177969
