 Maintaining 16 concurrent writes of 4194304 bytes for up to 60 seconds or 0 objects
 Object prefix: benchmark_data_ceph-radosbench-1_1
   sec Cur ops   started  finished  avg MB/s  cur MB/s  last lat   avg lat
     0       0         0         0         0         0         -         0
     1      16        39        23   91.9716        92  0.459117  0.501746
     2      16        65        49   97.9775       104  0.347709  0.478505
     3      16        94        78   103.978       116  0.149295  0.485448
     4      16       121       105    104.98       108  0.352601   0.47855
     5      16       150       134   107.179       116  0.185552  0.485482
     6      16       180       164   109.312       120  0.389512  0.513685
     7      16       207       191   109.123       108  0.356138  0.521449
     8      16       235       219    109.48       112  0.434428  0.533913
     9      16       259       243   107.981        96  0.403797  0.552021
    10      16       289       273   109.181       120   1.74415  0.561248
    11      16       317       301   109.436       112  0.598132  0.570482
    12      16       347       331   110.315       120  0.397243  0.565129
    13      16       372       356    109.52       100   0.65395    0.5666
    14      16       403       387   110.553       124  0.529553  0.563319
    15      16       432       416   110.915       116  0.418591   0.56613
    16      16       455       439   109.732        92  0.326863  0.565492
    17      16       484       468     110.1       116  0.880426   0.56712
    18      16       511       495   109.983       108  0.386966  0.563951
    19      16       541       525   110.509       120  0.386767  0.568027
2014-12-11 01:48:59.880682min lat: 0.13609 max lat: 3.77053 avg lat: 0.565752
   sec Cur ops   started  finished  avg MB/s  cur MB/s  last lat   avg lat
    20      16       568       552   110.383       108  0.343039  0.565752
    21      16       600       584   111.221       128  0.290943  0.564268
    22      16       623       607   110.346        92   1.14053  0.566864
    23      16       651       635   110.418       112  0.902565  0.566831
    24      16       675       659   109.816        96  0.197686  0.556613
    25      16       705       689   110.223       120  0.264701  0.556774
    26      16       740       724   111.367       140  0.443647  0.569223
    27      16       767       751   111.242       108  0.855092  0.568303
    28      16       796       780   111.411       116  0.409571  0.568266
    29      16       815       799    110.19        76   1.09927   0.57283
    30      16       846       830    110.65       124  0.556342  0.571897
    31      16       873       857   110.564       108  0.223944  0.566655
    32      16       904       888   110.983       124  0.136139  0.566874
    33      16       932       916   110.891       112  0.278242  0.563431
    34      16       960       944   110.923       112  0.378402  0.557787
    35      16       989       973   111.068       116  0.240716  0.552847
    36      16      1018      1002   111.204       116  0.208824  0.556774
    37      16      1044      1028   111.009       104  0.816077  0.554391
    38      16      1074      1058   111.245       120  0.397566   0.55512
    39      16      1099      1083   110.956       100  0.193933  0.554412
2014-12-11 01:49:19.920057min lat: 0.112818 max lat: 5.46796 avg lat: 0.556584
   sec Cur ops   started  finished  avg MB/s  cur MB/s  last lat   avg lat
    40      16      1129      1113   111.182       120  0.309596  0.556584
    41      16      1155      1139   111.006       104  0.439403  0.558512
    42      16      1185      1169    111.22       120   2.09294  0.569741
    43      16      1211      1195   111.052       104  0.184177  0.567888
    44      16      1239      1223   111.073       112    2.0911   0.56742
    45      16      1264      1248   110.826       100  0.424845  0.569636
    46      16      1291      1275   110.765       108  0.272957  0.569008
    47      16      1318      1302   110.705       108  0.232186  0.571698
    48      16      1349      1333   110.982       124  0.574966  0.573297
    49      16      1378      1362   111.084       116  0.477682  0.572938
    50      16      1406      1390   111.101       112  0.302008  0.572758
    51      16      1432      1416   110.962       104  0.254679  0.572045
    52      16      1459      1443   110.904       108  0.567463  0.572171
    53      16      1486      1470   110.849       108  0.324118  0.573407
    54      16      1513      1497   110.796       108  0.455242  0.573285
    55      16      1546      1530   111.181       132  0.337905  0.573818
    56      16      1571      1555   110.981       100   0.57495   0.57215
    57      16      1602      1586   111.209       124  0.416886  0.572354
    58      16      1626      1610   110.947        96  0.739747  0.571549
    59      16      1657      1641   111.167       124  0.366503  0.571544
2014-12-11 01:49:39.923843min lat: 0.112283 max lat: 5.46796 avg lat: 0.573728
   sec Cur ops   started  finished  avg MB/s  cur MB/s  last lat   avg lat
    60      16      1680      1664   110.848        92  0.290516  0.573728
    61      15      1680      1665   109.097         4  0.912167  0.573931
 Total time run:         61.177258
Total writes made:      1680
Write size:             4194304
Bandwidth (MB/sec):     109.845 

Stddev Bandwidth:       22.3926
Max bandwidth (MB/sec): 140
Min bandwidth (MB/sec): 0
Average Latency:        0.582211
Stddev Latency:         0.611757
Max latency:            5.46796
Min latency:            0.112283
