 Maintaining 16 concurrent writes of 4194304 bytes for up to 60 seconds or 0 objects
 Object prefix: benchmark_data_ceph-radosbench-1_1
   sec Cur ops   started  finished  avg MB/s  cur MB/s  last lat   avg lat
     0       0         0         0         0         0         -         0
     1      16        26        10   39.9763        40  0.989699  0.526926
     2      16        43        27   53.9794        68  0.964338  0.919509
     3      16        49        33   43.9866        24   1.49636  0.972527
     4      16        61        45   44.9882        48   1.95067   1.14511
     5      16        72        56   44.7893        44   1.07242   1.22039
     6      16        81        65   43.3236        36   1.96149   1.26457
     7      16        90        74   42.2767        36   1.60875   1.32332
     8      16       105        89   44.4909        60    1.2315   1.34282
     9      16       113        97   43.1025        32  0.821183   1.32491
    10      16       121       105   41.9921        32  0.601765   1.33349
    11      16       134       118   42.9012        52  0.809498   1.39233
    12      16       143       127   42.3255        36   2.20714   1.41184
    13      16       154       138   42.4538        44   2.10963   1.43131
    14      16       163       147   41.9923        36  0.766467   1.42131
    15      16       175       159   42.3924        48  0.906464   1.41863
    16      16       184       168   41.9925        36   1.79459   1.43916
    17      16       193       177   41.6397        36   1.35112   1.46439
    18      16       205       189   41.9926        48   1.81079   1.45391
    19      16       213       197   41.4664        32   2.46052   1.46197
2015-01-13 08:03:55.691885min lat: 0.190372 max lat: 2.89235 avg lat: 1.46645
   sec Cur ops   started  finished  avg MB/s  cur MB/s  last lat   avg lat
    20      16       227       211   42.1927        56  0.992696   1.46645
    21      16       236       220   41.8975        36   1.71948    1.4683
    22      16       244       228   41.4474        32   2.01187   1.48109
    23      16       254       238   41.3842        40   1.32003    1.4957
    24      16       266       250   41.6596        48   1.22032   1.48769
    25      16       275       259    41.433        36   2.26686   1.49225
    26      16       287       271   41.6853        48    1.9917   1.49484
    27      16       299       283   41.9189        48    1.1017   1.48902
    28      16       302       286   40.8504        12   1.77698   1.49156
    29      16       317       301   41.5104        60  0.734631    1.5026
    30      16       329       313   41.7264        48   1.50137   1.50232
    31      16       337       321   41.4125        32  0.815651   1.49792
    32      16       347       331   41.3682        40  0.533153   1.49843
    33      16       359       343   41.5689        48  0.312413   1.49459
    34      16       365       349   41.0521        24   2.19855   1.50836
    35      16       377       361   41.2504        48   1.55395   1.50989
    36      16       389       373   41.4377        48   1.26249   1.51317
    37      16       398       382   41.2906        36   1.80432   1.51437
    38      16       410       394    41.467        48   1.59941   1.51793
    39      16       422       406   41.6344        48   1.10976   1.51058
2015-01-13 08:04:15.694807min lat: 0.190372 max lat: 2.89235 avg lat: 1.51368
   sec Cur ops   started  finished  avg MB/s  cur MB/s  last lat   avg lat
    40      16       428       412   41.1934        24    1.7981   1.51368
    41      16       439       423   41.2617        44  0.740644   1.51206
    42      16       451       435   41.4219        48  0.902311   1.51771
    43      16       460       444   41.2957        36   1.29516   1.51982
    44      15       471       456   41.4479        48   1.17925   1.52217
    45      16       481       465   41.3267        36   1.12977   1.51832
    46      16       490       474   41.2108        36   1.22949   1.51661
    47      16       500       484   41.1849        40  0.719332   1.51937
    48      16       509       493   41.0768        36  0.884288   1.52458
    49      16       520       504   41.1363        44   1.35643   1.52845
    50      16       533       517   41.3535        52   0.29377   1.52059
    51      16       542       526   41.2484        36  0.280357   1.51725
    52      16       549       533   40.9935        28  0.487182   1.51316
    53      16       559       543   40.9747        40  0.404798   1.52522
    54      16       567       551   40.8085        32   2.37091   1.53809
    55      16       580       564   41.0118        52  0.391576   1.53757
    56      16       591       575   41.0651        44   1.80361   1.53616
    57      16       602       586   41.1165        44   1.71148   1.53687
    58      16       609       593   40.8903        28   1.32351   1.53918
    59      16       618       602   40.8073        36  0.796106   1.54012
2015-01-13 08:04:35.697546min lat: 0.110967 max lat: 3.33986 avg lat: 1.54314
   sec Cur ops   started  finished  avg MB/s  cur MB/s  last lat   avg lat
    60      16       630       614   40.9271        48  0.110967   1.54314
    61      15       631       616   40.3873         8    1.8041   1.54477
    62      14       631       617   39.8004         4   2.39165   1.54615
 Total time run:         62.949859
Total writes made:      631
Write size:             4194304
Bandwidth (MB/sec):     40.095 

Stddev Bandwidth:       12.4881
Max bandwidth (MB/sec): 68
Min bandwidth (MB/sec): 0
Average Latency:        1.58986
Stddev Latency:         0.674716
Max latency:            4.31315
Min latency:            0.110967
