 Maintaining 16 concurrent writes of 4194304 bytes for up to 60 seconds or 0 objects
 Object prefix: benchmark_data_ceph-radosbench-1_1
   sec Cur ops   started  finished  avg MB/s  cur MB/s  last lat   avg lat
     0       0         0         0         0         0         -         0
     1      16        32        16    63.972        64  0.184711  0.385284
     2      16        49        33   65.9791        68   1.41271  0.621238
     3      16        78        62   82.6436       116  0.441513  0.669097
     4      16       105        89    88.977       108  0.642401  0.629861
     5      16       128       112   89.5776        92  0.242963  0.636629
     6      16       144       128   85.3128        64  0.277302  0.673241
     7      16       164       148   84.5519        80  0.888978    0.6998
     8      16       188       172   85.9805        96  0.391095  0.701347
     9      16       213       197   87.5348       100  0.434089  0.691595
    10      16       241       225   89.9787       112  0.394824   0.68064
    11      16       264       248   90.1609        92  0.220165  0.684755
    12      16       283       267   88.9796        76  0.240817  0.689783
    13      16       315       299   91.9789       128  0.355775  0.682907
    14      16       338       322   91.9791        92  0.313842  0.666418
    15      16       348       332   88.5133        40  0.211251  0.657076
    16      16       363       347   86.7306        60  0.217098  0.683283
    17      16       385       369   86.8045        88  0.407802  0.708077
    18      16       401       385   85.5369        64   2.06641  0.727717
    19      16       424       408    85.876        92   1.20454  0.731769
2015-02-01 02:43:59.520189min lat: 0.111927 max lat: 2.81804 avg lat: 0.71578
   sec Cur ops   started  finished  avg MB/s  cur MB/s  last lat   avg lat
    20      16       452       436    87.181       112  0.276052   0.71578
    21      16       473       457   87.0287        84    1.0278  0.716235
    22      16       491       475   86.3448        72  0.107894  0.716709
    23      16       513       497    86.416        88   1.16074  0.722359
    24      16       530       514   85.6481        68   0.65126  0.718788
    25      16       551       535   85.5815        84  0.477049  0.733897
    26      16       572       556   85.5199        84  0.112511  0.730111
    27      16       600       584   86.4999       112   1.32676  0.729115
    28      16       619       603   86.1244        76  0.186916  0.724107
    29      16       636       620    85.499        68  0.220527  0.726307
    30      16       654       638   85.0485        72  0.414192  0.736645
    31      16       672       656   84.6271        72   0.29011   0.73243
    32      16       690       674    84.232        72  0.315189   0.73667
    33      16       713       697   84.4668        92  0.484576  0.746862
    34      16       736       720   84.6878        92  0.291418  0.743177
    35      16       758       742   84.7819        88    1.8204  0.744972
    36      16       776       760   84.4265        72   1.03815  0.745603
    37      16       802       786   84.9549       104  0.191859   0.74251
    38      16       824       808   85.0345        88  0.332452  0.739392
    39      16       841       825   84.5974        68  0.355183  0.741218
2015-02-01 02:44:19.524361min lat: 0.107894 max lat: 2.81804 avg lat: 0.747994
   sec Cur ops   started  finished  avg MB/s  cur MB/s  last lat   avg lat
    40      16       863       847    84.682        88  0.248782  0.747994
    41      16       880       864   84.2746        68  0.231372  0.750351
    42      16       907       891    84.839       108  0.754314  0.750497
    43      16       929       913    84.912        88  0.795449  0.745889
    44      16       957       941   85.5272       112  0.256672  0.741209
    45      16       980       964   85.6706        92  0.705258  0.739596
    46      16       997       981   85.2861        68   1.19393  0.739097
    47      16      1011       995   84.6627        56   1.30357  0.738615
    48      16      1043      1027    85.565       128  0.654903  0.744663
    49      16      1068      1052   85.8591       100  0.233769  0.738642
    50      16      1091      1075   85.9816        92   1.51944  0.739025
    51      16      1115      1099   86.1777        96   1.01867  0.737926
    52      16      1130      1114    85.674        60  0.804607  0.737875
    53      16      1146      1130   85.2648        64   0.68446   0.73629
    54      16      1176      1160   85.9076       120  0.512357  0.741199
    55      16      1205      1189   86.4543       116  0.392807  0.734716
    56      16      1227      1211   86.4816        88  0.433825  0.732271
    57      16      1251      1235   86.6482        96  0.629114  0.732953
    58      16      1268      1252   86.3264        68  0.633154  0.733225
    59      16      1283      1267     85.88        60   1.59671  0.736288
2015-02-01 02:44:39.528631min lat: 0.100339 max lat: 2.81804 avg lat: 0.738388
   sec Cur ops   started  finished  avg MB/s  cur MB/s  last lat   avg lat
    60      16      1309      1293   86.1816       104  0.376195  0.738388
    61      15      1310      1295   84.8999         8  0.507215  0.738222
 Total time run:         61.021537
Total writes made:      1310
Write size:             4194304
Bandwidth (MB/sec):     85.871 

Stddev Bandwidth:       24.0884
Max bandwidth (MB/sec): 128
Min bandwidth (MB/sec): 0
Average Latency:        0.744817
Stddev Latency:         0.550193
Max latency:            2.81804
Min latency:            0.100339
