 Maintaining 16 concurrent writes of 4194304 bytes for up to 60 seconds or 0 objects
 Object prefix: benchmark_data_ceph-radosbench-1_1
   sec Cur ops   started  finished  avg MB/s  cur MB/s  last lat   avg lat
     0       0         0         0         0         0         -         0
     1      16        35        19   75.9763        76  0.457439  0.518534
     2      16        58        42   83.9801        92  0.878437  0.559994
     3      16        72        56   74.6514        56   1.49845  0.652521
     4      16        89        73   72.9861        68   0.13373  0.662836
     5      15       101        86   68.7872        52  0.224653  0.744036
     6      15       114        99   65.9881        52  0.235096  0.763899
     7      16       135       119   67.9875        80  0.206201  0.851109
     8      16       146       130   64.9883        44   1.03233  0.896439
     9      16       162       146   64.8762        64  0.393882   0.92309
    10      16       180       164   65.5706        72   2.25987  0.926302
    11      16       196       180   65.4269        64  0.386347  0.903669
    12      16       204       188   62.6416        32   0.30125  0.910692
    13      16       221       205   63.0529        68  0.290701  0.948299
    14      16       235       219   62.5486        56  0.178346  0.959402
    15      16       253       237   63.1779        72   0.29061  0.961447
    16      16       276       260   64.9781        92  0.147781  0.942786
    17      16       292       276   64.9201        64  0.770962   0.94009
    18      16       309       293   65.0826        68  0.438617  0.951353
    19      16       328       312   65.6564        76  0.643712  0.955342
2015-01-13 08:12:32.221343min lat: 0.106728 max lat: 3.02078 avg lat: 0.951536
   sec Cur ops   started  finished  avg MB/s  cur MB/s  last lat   avg lat
    20      16       345       329    65.773        68   1.06023  0.951536
    21      16       367       351   66.8305        88    1.1884  0.939996
    22      16       383       367   66.7014        64  0.303713  0.924803
    23      16       400       384   66.7574        68  0.367404   0.91637
    24      16       414       398    66.309        56  0.199311  0.930759
    25      15       425       410   65.5765        48   1.51121  0.945808
    26      16       443       427   65.6693        68  0.296196  0.945581
    27      16       463       447   66.1885        80   2.01788  0.938207
    28      16       475       459   65.5389        48  0.487444  0.936991
    29      16       489       473   65.2098        56   0.27495  0.932256
    30      16       502       486   64.7693        52   3.39529  0.949146
    31      16       515       499   64.3573        52  0.562225  0.960722
    32      16       528       512    63.971        52   2.46955  0.973135
    33      15       546       531   64.3351        76  0.300193  0.969915
    34      16       564       548   64.4425        68   2.06992  0.972885
    35      16       575       559   63.8584        44  0.180583  0.968151
    36      16       597       581   64.5237        88  0.854124  0.981589
    37      15       616       601   64.9399        80  0.603106  0.975112
    38      16       637       621   65.3358        80  0.619284  0.967206
    39      16       656       640   65.6088        76   1.34554  0.960141
2015-01-13 08:12:52.232414min lat: 0.102705 max lat: 3.39529 avg lat: 0.960467
   sec Cur ops   started  finished  avg MB/s  cur MB/s  last lat   avg lat
    40      16       667       651   65.0686        44  0.234185  0.960467
    41      16       682       666   64.9448        60   2.53437  0.962923
    42      16       695       679   64.6365        52   2.10195  0.970294
    43      16       714       698   64.9005        76  0.539215  0.974281
    44      16       737       721   65.5159        92  0.713712  0.965686
    45      16       753       737    65.482        64  0.241175  0.960488
    46      16       768       752   65.3604        60  0.274263  0.963233
    47      16       781       765    65.076        52  0.394887  0.964496
    48      16       797       781   65.0534        64   0.26256  0.968339
    49      16       813       797   65.0317        64  0.266257  0.968453
    50      16       839       823   65.8106       104  0.490062  0.959923
    51      16       853       837   65.6181        56  0.599701  0.958405
    52      15       865       850   65.3562        52  0.498415  0.957435
    53      16       883       867   65.4058        68  0.633184  0.964179
    54      16       906       890   65.8945        92  0.118568  0.964788
    55      15       926       911   66.2233        84  0.537161  0.961008
    56      16       945       929   66.3263        72  0.831511  0.955199
    57      16       963       947   66.4256        72  0.779444  0.955084
    58      16       977       961   66.2458        56  0.401676  0.951206
    59      16       995       979   66.3431        72  0.371139  0.957668
2015-01-13 08:13:12.239764min lat: 0.102705 max lat: 3.39529 avg lat: 0.957107
   sec Cur ops   started  finished  avg MB/s  cur MB/s  last lat   avg lat
    60      16      1009       993   66.1706        56  0.979539  0.957107
 Total time run:         60.734856
Total writes made:      1010
Write size:             4194304
Bandwidth (MB/sec):     66.519 

Stddev Bandwidth:       16.7671
Max bandwidth (MB/sec): 104
Min bandwidth (MB/sec): 0
Average Latency:        0.962048
Stddev Latency:         0.730019
Max latency:            3.39529
Min latency:            0.102705
