 Maintaining 16 concurrent writes of 4194304 bytes for up to 60 seconds or 0 objects
 Object prefix: benchmark_data_ceph-radosbench-1_1
   sec Cur ops   started  finished  avg MB/s  cur MB/s  last lat   avg lat
     0       0         0         0         0         0         -         0
     1      16        32        16   63.9762        64  0.098578  0.243467
     2      16        53        37   73.9773        84   1.39229  0.692942
     3      16        80        64     85.31       108  0.906407  0.660058
     4      16       108        92   91.9766       112   0.49289  0.642177
     5      16       133       117    93.577       100  0.343983  0.623055
     6      16       152       136   90.6456        76  0.177254  0.637804
     7      16       183       167   95.4071       124  0.692427   0.61682
     8      16       211       195   97.4782       112  0.364625   0.63016
     9      16       235       219   97.3117        96  0.376202  0.620538
    10      16       266       250    99.978       124  0.258978  0.632068
    11      16       290       274   99.6146        96   1.09585  0.618471
    12      16       315       299   99.6451       100  0.226544  0.616828
    13      16       347       331   101.824       128  0.410868  0.611829
    14      16       375       359   102.549       112  0.711219  0.611377
    15      16       401       385   102.645       104  0.543267   0.60312
    16      16       428       412   102.978       108  0.382713  0.608899
    17      16       452       436   102.566        96  0.569399  0.605214
    18      16       480       464   103.089       112  0.299028  0.609667
    19      16       504       488   102.715        96  0.257469  0.609258
2015-02-01 03:06:27.571271min lat: 0.098578 max lat: 2.00781 avg lat: 0.606782
   sec Cur ops   started  finished  avg MB/s  cur MB/s  last lat   avg lat
    20      16       533       517   103.378       116  0.331555  0.606782
    21      16       561       545   103.788       112  0.528209  0.602924
    22      16       583       567   103.069        88  0.182163   0.60813
    23      16       614       598   103.978       124  0.369186  0.607447
    24      16       634       618   102.977        80  0.226578  0.608479
    25      16       667       651   104.137       132  0.424505  0.606328
    26      16       694       678   104.285       108  0.353805  0.604416
    27      16       721       705   104.422       108  0.553944  0.603079
    28      16       750       734   104.835       116  0.309184   0.60437
    29      16       776       760   104.806       104  0.925815  0.601796
    30      16       797       781   104.111        84  0.238561  0.601546
    31      16       830       814    105.01       132  0.634013  0.606427
    32      16       853       837   104.603        92  0.846051   0.60455
    33      16       883       867   105.069       120  0.587992  0.602952
    34      16       912       896    105.39       116  0.460282  0.602218
    35      16       943       927   105.921       124  0.292528  0.600678
    36      16       954       938     104.2        44   1.17003   0.59949
    37      16       985       969   104.735       124  0.272987  0.607264
    38      16      1012       996    104.82       108  0.536708  0.605066
    39      16      1030      1014   103.978        72   1.39965   0.60504
2015-02-01 03:06:47.575466min lat: 0.098578 max lat: 2.1585 avg lat: 0.609168
   sec Cur ops   started  finished  avg MB/s  cur MB/s  last lat   avg lat
    40      16      1060      1044   104.378       120  0.624009  0.609168
    41      16      1088      1072   104.563       112  0.212823  0.604574
    42      16      1112      1096   104.359        96  0.249112  0.606695
    43      16      1141      1125   104.629       116   1.32721  0.606814
    44      16      1171      1155   104.978       120  0.127295  0.604681
    45      16      1194      1178   104.689        92  0.229229  0.603317
    46      16      1217      1201   104.413        92  0.254045  0.605199
    47      16      1247      1231   104.744       120  0.111651  0.603128
    48      16      1259      1243   103.561        48  0.244041  0.604836
    49      16      1287      1271   103.733       112  0.751329  0.611708
    50      16      1317      1301   104.058       120  0.216093   0.60979
    51      16      1345      1329   104.213       112   1.08948     0.609
    52      16      1371      1355   104.209       104  0.188957  0.609319
    53      16      1400      1384   104.431       116  0.467587   0.60743
    54      16      1413      1397    103.46        52  0.178026  0.607744
    55      16      1432      1416    102.96        76   0.27118  0.613779
    56      16      1462      1446   103.264       120  0.272204  0.614854
    57      16      1486      1470   103.136        96  0.304437  0.615231
    58      16      1510      1494   103.013        96  0.282262  0.616894
    59      15      1539      1524     103.3       120  0.224712  0.616342
2015-02-01 03:07:07.579655min lat: 0.097448 max lat: 2.56003 avg lat: 0.615021
   sec Cur ops   started  finished  avg MB/s  cur MB/s  last lat   avg lat
    60      16      1569      1553   103.512       116  0.698482  0.615021
 Total time run:         60.831827
Total writes made:      1570
Write size:             4194304
Bandwidth (MB/sec):     103.235 

Stddev Bandwidth:       23.8392
Max bandwidth (MB/sec): 132
Min bandwidth (MB/sec): 0
Average Latency:        0.619747
Stddev Latency:         0.411246
Max latency:            2.56003
Min latency:            0.097448
