 Maintaining 16 concurrent writes of 4194304 bytes for up to 60 seconds or 0 objects
 Object prefix: benchmark_data_ceph-radosbench-1_1
   sec Cur ops   started  finished  avg MB/s  cur MB/s  last lat   avg lat
     0       0         0         0         0         0         -         0
     1      16        36        20   79.9702        80  0.393803  0.497263
     2      15        63        48   95.9748       112  0.324363  0.542736
     3      16        84        68   90.6463        80    1.5694  0.584492
     4      16       119       103    102.98       140  0.232898  0.572719
     5      16       144       128    102.38       100  0.531444  0.575133
     6      16       166       150   99.9807        88  0.259565   0.58925
     7      16       198       182   103.981       128  0.257568  0.593949
     8      16       223       207   103.482       100  0.540581  0.586758
     9      16       250       234   103.982       108  0.252173  0.586387
    10      16       277       261   104.382       108  0.477735   0.58571
    11      16       304       288    104.71       108  0.811337  0.583423
    12      16       333       317   105.649       116  0.493825  0.593639
    13      16       362       346   106.444       116   0.71782  0.588968
    14      16       388       372   106.269       104  0.390311  0.585446
    15      16       410       394    105.05        88  0.864711  0.588964
    16      16       434       418   104.483        96  0.581475  0.591395
    17      16       456       440   103.513        88  0.424927  0.597747
    18      16       487       471    104.65       124  0.276464  0.600441
    19      16       516       500   105.247       116  0.592038  0.596442
2014-12-10 20:53:42.235334min lat: 0.09493 max lat: 2.30405 avg lat: 0.595014
   sec Cur ops   started  finished  avg MB/s  cur MB/s  last lat   avg lat
    20      16       546       530   105.984       120  0.294179  0.595014
    21      16       568       552   105.127        88   0.42663   0.59547
    22      16       596       580   105.438       112  0.173367  0.596932
    23      16       616       600   104.332        80  0.366408  0.592491
    24      16       636       620   103.318        80  0.294228  0.591939
    25      16       657       641   102.545        84  0.294625  0.604839
    26      16       684       668   102.754       108  0.415851   0.61246
    27      16       711       695   102.948       108  0.394788  0.613785
    28      16       739       723    103.27       112  0.499624  0.608403
    29      16       763       747   103.019        96  0.369495  0.611792
    30      16       796       780   103.984       132  0.559157  0.608685
    31      16       820       804   103.726        96  0.297601  0.605935
    32      16       844       828   103.484        96  0.182179  0.605181
    33      16       862       846    102.53        72  0.145348  0.607534
    34      16       888       872   102.573       104  0.630046  0.614366
    35      16       914       898   102.613       104  0.518419  0.612561
    36      16       944       928   103.096       120  0.338267  0.615283
    37      16       970       954    103.12       104  0.279844  0.610905
    38      16       994       978   102.932        96  0.853312  0.613922
    39      16      1023      1007   103.267       116  0.464162  0.614069
2014-12-10 20:54:02.238119min lat: 0.093659 max lat: 3.56372 avg lat: 0.61407
   sec Cur ops   started  finished  avg MB/s  cur MB/s  last lat   avg lat
    40      16      1048      1032   103.185       100  0.275406   0.61407
    41      16      1067      1051   102.521        76   1.42223  0.618671
    42      16      1097      1081   102.937       120  0.676495   0.61706
    43      16      1121      1105   102.776        96  0.356473  0.617056
    44      16      1146      1130   102.712       100  0.540569  0.612633
    45      16      1173      1157   102.829       108  0.605245  0.618159
    46      16      1195      1179   102.507        88  0.668935  0.615714
    47      16      1221      1205   102.538       104  0.260328  0.615597
    48      16      1247      1231   102.568       104  0.417934  0.616357
    49      16      1277      1261   102.924       120  0.527851  0.616767
    50      16      1300      1284   102.705        92   1.09912  0.616868
    51      16      1332      1316   103.201       128  0.181941  0.617407
    52      16      1356      1340   103.062        96  0.288985  0.615821
    53      16      1370      1354   102.174        56  0.273854  0.617606
    54      16      1397      1381   102.281       108  0.327412  0.619703
    55      16      1419      1403   102.022        88  0.416495  0.617253
    56      16      1430      1414   100.985        44   0.27664  0.621042
    57      16      1455      1439   100.968       100   1.99134  0.629236
    58      16      1482      1466   101.089       108  0.771378  0.627801
    59      16      1512      1496   101.409       120   1.64485  0.628685
2014-12-10 20:54:22.240811min lat: 0.093659 max lat: 3.56372 avg lat: 0.625295
   sec Cur ops   started  finished  avg MB/s  cur MB/s  last lat   avg lat
    60      16      1543      1527   101.785       124  0.593394  0.625295
    61      15      1544      1529   100.248         8  0.256963  0.625147
 Total time run:         61.116581
Total writes made:      1544
Write size:             4194304
Bandwidth (MB/sec):     101.053 

Stddev Bandwidth:       24.6571
Max bandwidth (MB/sec): 140
Min bandwidth (MB/sec): 0
Average Latency:        0.632701
Stddev Latency:         0.490453
Max latency:            3.56372
Min latency:            0.093659
