 Maintaining 16 concurrent writes of 4194304 bytes for up to 60 seconds or 0 objects
 Object prefix: benchmark_data_ceph-radosbench-1_1
   sec Cur ops   started  finished  avg MB/s  cur MB/s  last lat   avg lat
     0       0         0         0         0         0         -         0
     1      16        40        24   95.9705        96  0.439902  0.347764
     2      16        63        47   93.9782        92  0.280036  0.521729
     3      16        92        76   101.313       116  0.203075  0.512651
     4      16       122       106   105.981       120  0.850356  0.551466
     5      16       141       125   99.9817        76   0.28687  0.545089
     6      16       170       154   102.648       116  0.269523  0.558143
     7      16       191       175   99.9827        84  0.100654  0.588314
     8      16       209       193   96.4836        72  0.130562   0.58153
     9      16       233       217   96.4283        96   0.08565  0.617199
    10      16       256       240   95.9843        92  0.255171  0.616281
    11      16       283       267   97.0751       108    0.3355  0.624556
    12      16       308       292   97.3177       100  0.111999  0.627513
    13      16       338       322   99.0611       120  0.137457  0.625133
    14      16       368       352   100.556       120  0.124585   0.61412
    15      16       393       377   100.518       100  0.620708  0.608786
    16      16       404       388   96.9848        44  0.453653  0.608729
    17      16       428       412   96.9262        96  0.095485  0.632363
    18      16       463       447   99.3179       140  0.156402  0.636451
    19      16       486       470   98.9321        92  0.197712  0.621792
2014-12-10 01:57:41.647244min lat: 0.065725 max lat: 3.05162 avg lat: 0.624405
   sec Cur ops   started  finished  avg MB/s  cur MB/s  last lat   avg lat
    20      16       516       500   99.9847       120  0.276508  0.624405
    21      16       545       529   100.746       116  0.547957  0.620435
    22      16       556       540   98.1666        44   0.13492   0.62045
    23      16       578       562    97.724        88  0.138392  0.630763
    24      16       603       587   97.8183       100  0.266656  0.633218
    25      16       633       617   98.7048       120  0.133319  0.622064
    26      16       650       634   97.5234        68   3.41093  0.630933
    27      16       679       663   98.2071       116  0.300022  0.629056
    28      16       707       691   98.6991       112   0.07061  0.637079
    29      16       743       727   100.261       144  0.577727  0.625355
    30      16       768       752   100.251       100  0.234878  0.625375
    31      16       792       776   100.114        96  0.371273  0.628129
    32      16       814       798   99.7348        88  0.109353  0.625935
    33      16       838       822   99.6212        96  0.425973  0.627011
    34      16       866       850   99.9848       112  0.344159  0.624813
    35      16       897       881    100.67       124  0.317045  0.626282
    36      16       927       911   101.207       120  0.188935  0.625208
    37      16       960       944   102.039       132   2.04616  0.617198
    38      16       992       976   102.721       128  0.173535  0.616273
    39      16      1018      1002   102.754       104  0.173011  0.615156
2014-12-10 01:58:01.650215min lat: 0.065725 max lat: 3.94205 avg lat: 0.614911
   sec Cur ops   started  finished  avg MB/s  cur MB/s  last lat   avg lat
    40      16      1035      1019   101.885        68  0.521435  0.614911
    41      16      1054      1038   101.253        76  0.072199  0.617987
    42      16      1087      1071   101.985       132  0.323174  0.621217
    43      16      1113      1097   102.031       104   0.46175  0.619163
    44      16      1141      1125   102.257       112  0.106833  0.611588
    45      16      1167      1151   102.296       104  0.302961  0.617376
    46      16      1196      1180   102.593       116   0.45581  0.617361
    47      16      1222      1206   102.623       104  0.824312  0.613903
    48      16      1240      1224   101.985        72   0.09706  0.614172
    49      16      1262      1246   101.699        88  0.116025  0.616615
    50      16      1284      1268   101.425        88  0.172718  0.621569
    51      16      1308      1292   101.318        96  0.143578  0.618355
    52      16      1327      1311   100.831        76   2.33052   0.62555
    53      16      1339      1323   99.8342        48  0.923861  0.630404
    54      16      1369      1353   100.207       120  0.799164  0.633954
    55      16      1398      1382   100.494       116  0.191304  0.630992
    56      16      1420      1404   100.271        88  0.235345  0.627915
    57      16      1440      1424    99.915        80   1.62412  0.633178
    58      16      1462      1446   99.7094        88  0.072589  0.631715
    59      16      1487      1471    99.714       100  0.074028  0.633062
2014-12-10 01:58:21.653343min lat: 0.0646 max lat: 3.94205 avg lat: 0.631802
   sec Cur ops   started  finished  avg MB/s  cur MB/s  last lat   avg lat
    60      16      1523      1507   100.451       144  0.099833  0.631802
    61       8      1523      1515   99.3291        32  0.906415   0.63423
 Total time run:         61.292449
Total writes made:      1523
Write size:             4194304
Bandwidth (MB/sec):     99.392 

Stddev Bandwidth:       26.9218
Max bandwidth (MB/sec): 144
Min bandwidth (MB/sec): 0
Average Latency:        0.640867
Stddev Latency:         0.678131
Max latency:            3.94205
Min latency:            0.0646
