 Maintaining 16 concurrent writes of 4194304 bytes for up to 60 seconds or 0 objects
 Object prefix: benchmark_data_ceph-radosbench-1_1
   sec Cur ops   started  finished  avg MB/s  cur MB/s  last lat   avg lat
     0       0         0         0         0         0         -         0
     1      16        40        24   95.8923        96   0.23908   0.39995
     2      16        67        51    101.93       108  0.130162  0.323671
     3      16        82        66   87.9551        60  0.095452  0.276685
     4      16        87        71   70.9702        20  0.095579  0.271753
     5      16        94        78   62.3772        28  0.100506  0.256124
     6      16        94        78    51.983         0         -  0.256124
     7      16        94        78   44.5582         0         -  0.256124
     8      16       117       101    50.486   30.6667  0.529885   1.17269
     9      16       145       129   57.3179       112  0.787876    1.0866
    10      16       172       156   62.3836       108  0.231305  0.995382
    11      16       201       185   67.2557       116  0.556524  0.927342
    12      16       229       213   70.9823       112  0.448748  0.884315
    13      16       254       238   73.2131       100  0.904348  0.848668
    14      16       284       268   76.5535       120  0.693056  0.817018
    15      16       311       295   78.6487       108  0.294005   0.78649
    16      16       342       326   81.4818       124  0.324658    0.7727
    17      16       368       352   82.8055       104  0.566558  0.760897
    18      16       397       381   84.6486       116  0.632007  0.746419
    19      16       423       407   85.6662       104  0.542592  0.730115
2014-12-11 01:38:40.510606min lat: 0.094671 max lat: 7.30634 avg lat: 0.723277
   sec Cur ops   started  finished  avg MB/s  cur MB/s  last lat   avg lat
    20      16       452       436    87.182       116  0.311004  0.723277
    21      16       482       466   88.7437       120   0.70227   0.71276
    22      16       508       492   89.4364       104  0.542296  0.706581
    23      16       535       519   90.2427       108    1.0505    0.6974
    24      16       561       545   90.8153       104  0.217125  0.686845
    25      16       594       578   92.4619       132  0.623429  0.684596
    26      16       617       601   92.4437        92  0.400484  0.678562
    27      16       649       633   93.7593       128   1.21428  0.675469
    28      16       675       659   94.1244       104  0.640484  0.667054
    29      16       700       684   94.3265       100  0.337566  0.661022
    30      16       729       713   95.0483       116  0.377575  0.661198
    31      16       761       745   96.1106       128  0.566949  0.658307
    32      16       787       771   96.3566       104  0.194898  0.656952
    33      16       816       800   96.9513       116  0.305251  0.653108
    34      16       843       827   97.2758       108  0.940135  0.651898
    35      16       871       855    97.696       112  0.330888  0.649579
    36      16       899       883   98.0929       112  0.275059  0.644894
    37      16       929       913   98.6843       120  0.582458  0.640917
    38      16       956       940    98.929       108  0.684085  0.637548
    39      16       983       967    99.161       108  0.234145  0.634777
2014-12-11 01:39:00.513880min lat: 0.094671 max lat: 7.30634 avg lat: 0.628484
   sec Cur ops   started  finished  avg MB/s  cur MB/s  last lat   avg lat
    40      16      1013       997   99.6815       120  0.375304  0.628484
    41      16      1039      1023   99.7865       104  0.142588  0.627571
    42      16      1070      1054   100.363       124  0.222878  0.626357
    43      16      1095      1079   100.354       100  0.183608  0.624408
    44      16      1120      1104   100.345       100  0.163623  0.623694
    45      16      1152      1136    100.96       128  0.304362  0.624549
    46      16      1178      1162   101.025       104  0.662265  0.623195
    47      16      1204      1188   101.088       104  0.781213  0.625462
    48      16      1235      1219   101.565       124  0.312479  0.626166
    49      16      1263      1247   101.778       112  0.957206  0.623893
    50      16      1289      1273   101.822       104  0.545317  0.622979
    51      16      1319      1303   102.178       120  0.285709  0.622988
    52      16      1349      1333    102.52       120  0.577644  0.620815
    53      16      1371      1355   102.246        88  0.783697  0.620164
    54      16      1398      1382   102.353       108  0.383045  0.621166
    55      16      1426      1410   102.528       112   1.04507   0.61951
    56      16      1457      1441   102.911       124  0.415137  0.618311
    57      16      1483      1467    102.93       104  0.908919  0.617447
    58      16      1508      1492   102.879       100  0.135338  0.615889
    59      16      1535      1519   102.965       108  0.228391  0.614375
2014-12-11 01:39:20.516755min lat: 0.094671 max lat: 7.30634 avg lat: 0.615424
   sec Cur ops   started  finished  avg MB/s  cur MB/s  last lat   avg lat
    60      16      1565      1549   103.249       120  0.476716  0.615424
 Total time run:         60.345633
Total writes made:      1566
Write size:             4194304
Bandwidth (MB/sec):     103.802 

Stddev Bandwidth:       31.5096
Max bandwidth (MB/sec): 132
Min bandwidth (MB/sec): 0
Average Latency:        0.616384
Stddev Latency:         0.727191
Max latency:            7.30634
Min latency:            0.094671
