 Maintaining 16 concurrent writes of 4194304 bytes for up to 60 seconds or 0 objects
 Object prefix: benchmark_data_ceph-radosbench-1_1
   sec Cur ops   started  finished  avg MB/s  cur MB/s  last lat   avg lat
     0       0         0         0         0         0         -         0
     1      16        30        14   55.9815        56  0.809047  0.417301
     2      16        57        41   81.9803       108  0.981495  0.517585
     3      16        71        55   73.3176        56    0.8023  0.627804
     4      16        79        63   62.9877        32  0.077339  0.670823
     5      16        93        77   61.5886        56  0.357573  0.735923
     6      16       111        95   63.3222        72  0.407184  0.902161
     7      16       130       114   65.1321        76  0.623046  0.906869
     8      16       143       127   63.4894        52   1.19135  0.911324
     9      16       159       143   63.5449        64  0.075186  0.927897
    10      16       173       157   62.7897        56  0.394215  0.923918
    11      16       189       173   62.8989        64  0.297913  0.930489
    12      16       198       182    60.657        36  0.070432  0.908019
    13      16       204       188   57.8371        24  0.256086  0.893084
    14      16       217       201   57.4196        52   3.93485  0.965539
    15      16       234       218   58.1244        68    0.0693   1.02546
    16      16       246       230   57.4912        48  0.068842   1.03215
    17      16       261       245   57.6383        60  0.725785   1.05648
    18      16       270       254    56.436        36  0.858419   1.06054
    19      16       286       270   56.8337        64  0.261987   1.05985
2014-12-09 23:12:02.994807min lat: 0.066244 max lat: 4.52026 avg lat: 1.03769
   sec Cur ops   started  finished  avg MB/s  cur MB/s  last lat   avg lat
    20      16       297       281   56.1917        44  0.421892   1.03769
    21      16       308       292   55.6109        44  0.680517    1.0562
    22      15       310       295   53.6285        12  0.268386   1.05374
    23      16       329       313    54.427        72   4.27869   1.11961
    24      16       346       330   54.9921        68  0.070773   1.12806
    25      16       364       348    55.672        72  0.144317   1.10477
    26      16       380       364    55.992        64   2.49874   1.10806
    27      16       397       381   56.4364        68  0.097365   1.09871
    28      16       411       395   56.4206        56  0.800071   1.07983
    29      16       422       406   55.9921        44  0.255825   1.08491
    30      16       433       417   55.5921        44  0.258044   1.08113
    31      16       452       436   56.2501        76  0.660614   1.09985
    32      16       468       452    56.492        64  0.951986   1.10955
    33      16       487       471   57.0828        76  0.610519   1.10347
    34      16       504       488   57.4037        68  0.078136   1.09256
    35      16       523       507   57.9347        76  0.333905   1.08601
    36      16       534       518   57.5474        44  0.152647   1.07837
    37      16       552       536   57.9378        72   0.79819   1.08676
    38      16       559       543   57.1499        28  0.552605    1.0835
    39      16       582       566   58.0432        92   2.84397   1.07862
2014-12-09 23:12:22.997479min lat: 0.066244 max lat: 5.20943 avg lat: 1.07498
   sec Cur ops   started  finished  avg MB/s  cur MB/s  last lat   avg lat
    40      16       603       587   58.6918        84  0.268546   1.07498
    41      16       615       599   58.4308        48   1.95259    1.0711
    42      16       630       614    58.468        60  0.928096   1.07152
    43      16       643       627   58.3174        52   1.45751   1.07837
    44      16       658       642   58.3554        60  0.068694   1.07672
    45      16       667       651   57.8585        36   1.05024    1.0718
    46      16       678       662   57.5571        44  0.378263   1.06375
    47      16       688       672   57.1835        40  0.066061   1.06971
    48      16       708       692   57.6586        80   3.01497   1.09133
    49      16       729       713   58.1959        84   0.59677   1.08815
    50      16       746       730   58.3918        68  0.435065   1.07921
    51      16       756       740   58.0311        40  0.066212   1.08088
    52      16       774       758   58.2996        72  0.298329   1.07963
    53      16       790       774    58.407        64  0.335717   1.07077
    54      16       799       783   57.9919        36   0.37516   1.06529
    55      16       813       797   57.9556        56    3.6588   1.07438
    56      16       840       824   58.8489       108  0.170917   1.07797
    57      16       855       839    58.869        60  0.256317   1.07277
    58      16       873       857   59.0952        72  0.086612   1.06886
    59      16       892       876   59.3815        76  0.066632   1.06674
2014-12-09 23:12:43.000240min lat: 0.065179 max lat: 5.20943 avg lat: 1.06238
   sec Cur ops   started  finished  avg MB/s  cur MB/s  last lat   avg lat
    60      16       902       886   59.0584        40  0.066164   1.06238
    61      16       903       887   58.1558         4   2.54581   1.06405
    62      16       903       887   57.2178         0         -   1.06405
 Total time run:         62.926495
Total writes made:      903
Write size:             4194304
Bandwidth (MB/sec):     57.400 

Stddev Bandwidth:       22.0884
Max bandwidth (MB/sec): 108
Min bandwidth (MB/sec): 0
Average Latency:        1.11445
Stddev Latency:         1.12679
Max latency:            5.20943
Min latency:            0.065179
