 Maintaining 16 concurrent writes of 4194304 bytes for up to 60 seconds or 0 objects
 Object prefix: benchmark_data_ceph-radosbench-1_1
   sec Cur ops   started  finished  avg MB/s  cur MB/s  last lat   avg lat
     0       0         0         0         0         0         -         0
     1      16        39        23   91.9702        92  0.249136  0.356099
     2      16        68        52   103.975       116  0.128848  0.444832
     3      16        92        76   101.312        96   2.05434  0.481654
     4      16       119       103    102.98       108   1.11211  0.577511
     5      16       147       131   104.781       112  0.147683  0.551679
     6      16       180       164   109.314       132    0.3043  0.536387
     7      16       206       190   108.552       104  0.181493   0.52493
     8      16       235       219   109.481       116  0.234441  0.531789
     9      16       262       246   109.315       108    0.2497  0.539138
    10      16       289       273   109.181       108   1.79339  0.550258
    11      15       314       299   108.709       104   0.76599  0.553779
    12      16       341       325   108.315       104  0.240703  0.548612
    13      16       370       354   108.905       116  0.248299  0.567627
    14      16       405       389   111.124       140  0.306341  0.569481
    15      16       430       414   110.382       100   1.02782  0.566924
    16      16       456       440   109.982       104  0.424712  0.568858
    17      16       486       470    110.57       120  0.214194  0.567567
    18      16       514       498   110.649       112   0.37823  0.565907
    19      16       531       515   108.404        68  0.164958  0.568951
2014-12-11 00:57:03.240657min lat: 0.102476 max lat: 3.24581 avg lat: 0.570662
   sec Cur ops   started  finished  avg MB/s  cur MB/s  last lat   avg lat
    20      16       564       548   109.583       132  0.461435  0.570662
    21      16       594       578   110.078       120  0.308299  0.572329
    22      16       621       605   109.983       108  0.492135  0.575357
    23      16       651       635   110.417       120  0.351752  0.571415
    24      16       675       659   109.816        96  0.342057  0.570715
    25      16       703       687   109.903       112  0.931027   0.57446
    26      16       731       715   109.983       112  0.317075  0.571009
    27      16       757       741   109.761       104  0.311522  0.567479
    28      16       782       766   109.412       100  0.250923  0.561469
    29      16       811       795   109.638       116  0.370763  0.570184
    30      16       841       825   109.983       120  0.313328  0.571547
    31      16       872       856   110.435       124   0.68192  0.574618
    32      16       899       883   110.358       108  0.580418  0.571308
    33      16       925       909   110.165       104  0.420943  0.571862
    34      16       954       938   110.336       116  0.366534  0.572542
    35      16       983       967   110.497       116  0.389163  0.570617
    36      16      1006       990   109.983        92  0.333825  0.569227
    37      16      1034      1018   110.037       112  0.310826  0.569106
    38      16      1065      1049   110.404       124   0.49365  0.574139
    39      16      1090      1074   110.137       100   0.37985  0.574429
2014-12-11 00:57:23.243484min lat: 0.094621 max lat: 3.37387 avg lat: 0.574108
   sec Cur ops   started  finished  avg MB/s  cur MB/s  last lat   avg lat
    40      16      1124      1108   110.783       136  0.583851  0.574108
    41      16      1149      1133    110.52       100  0.477701  0.572925
    42      15      1172      1157   110.174        96   0.77643   0.57427
    43      16      1203      1187   110.402       120  0.572081  0.572913
    44      16      1231      1215   110.438       112  0.176768  0.572711
    45      16      1258      1242   110.384       108   1.71139  0.575272
    46      16      1290      1274   110.766       128  0.548539  0.574917
    47      16      1321      1305   111.047       124   0.41772   0.57319
    48      16      1345      1329   110.724        96  0.569792  0.573984
    49      16      1376      1360   110.994       124  0.527343  0.573147
    50      16      1396      1380   110.374        80     0.365  0.574908
    51      16      1421      1405    110.17       100   1.40244  0.574856
    52      16      1451      1435   110.359       120   1.37101  0.575586
    53      16      1479      1463   110.389       112  0.336446  0.574278
    54      16      1507      1491   110.419       112   1.41542  0.574241
    55      16      1536      1520    110.52       116  0.804119  0.575456
    56      16      1564      1548   110.546       112  0.654075  0.575908
    57      16      1583      1567    109.94        76    1.3528  0.575474
    58      16      1617      1601   110.389       136  0.416498  0.575827
    59      16      1640      1624   110.076        92   0.47953  0.575744
2014-12-11 00:57:43.251188min lat: 0.094621 max lat: 3.37387 avg lat: 0.576615
   sec Cur ops   started  finished  avg MB/s  cur MB/s  last lat   avg lat
    60      16      1674      1658   110.508       136  0.496784  0.576615
 Total time run:         60.445722
Total writes made:      1675
Write size:             4194304
Bandwidth (MB/sec):     110.843 

Stddev Bandwidth:       20.0866
Max bandwidth (MB/sec): 140
Min bandwidth (MB/sec): 0
Average Latency:        0.577013
Stddev Latency:         0.471685
Max latency:            3.37387
Min latency:            0.094621
