 Maintaining 16 concurrent writes of 4194304 bytes for up to 60 seconds or 0 objects
 Object prefix: benchmark_data_ceph-radosbench-1_1
   sec Cur ops   started  finished  avg MB/s  cur MB/s  last lat   avg lat
     0       0         0         0         0         0         -         0
     1      16        35        19   75.9758        76  0.248837  0.391039
     2      16        60        44    87.978       100  0.245761  0.445151
     3      16        88        72   95.9791       112   2.67967  0.466231
     4      16       108        92   91.9817        80  0.098731  0.492878
     5      16       138       122   97.5815       120  0.584484  0.573262
     6      16       166       150   99.9811       112   0.18645  0.580769
     7      16       191       175   99.9817       100  0.276938  0.568187
     8      16       219       203   101.482       112  0.433769  0.589002
     9      16       244       228   101.316       100  0.312624  0.581978
    10      16       262       246   98.3831        72  0.101205  0.562284
    11      15       278       263   95.6202        68  0.098319  0.543899
    12      16       288       272   90.6513        36   0.11261  0.574305
    13      16       298       282   86.7547        40  0.132773  0.563288
    14      16       322       306   87.4144        96  0.137165  0.636432
    15      16       351       335   89.3191       116  0.244436  0.673049
    16      16       383       367   91.7355       128  0.221126  0.672726
    17      16       409       393    92.456       104   0.24017  0.662559
    18      16       438       422    93.763       116  0.306931  0.661557
    19      16       460       444   93.4593        88  0.698746  0.664021
2014-12-11 00:28:49.823766min lat: 0.093736 max lat: 5.3246 avg lat: 0.647379
   sec Cur ops   started  finished  avg MB/s  cur MB/s  last lat   avg lat
    20      15       479       464   92.7859        80  0.156854  0.647379
    21      16       490       474    90.272        40   0.68037  0.638791
    22      16       500       484   87.9867        40  0.097304  0.627875
    23      16       504       488    84.857        16  0.100012  0.655532
    24      16       521       505   84.1543        68  0.097802  0.670048
    25      16       536       520   83.1879        60  0.096254   0.72014
    26      16       558       542   83.3726        88  0.198407  0.724964
    27      16       586       570   84.4323       112  0.266276  0.717242
    28      16       614       598   85.4164       112   0.21859  0.725918
    29      16       640       624   86.0567       104  0.199071  0.718745
    30      16       665       649   86.5211       100  0.110106  0.709395
    31      16       677       661   85.2782        48   3.27798   0.71809
    32      16       697       681   85.1129        80  0.095723  0.702769
    33      16       707       691   83.7456        40  0.097258  0.695953
    34      16       710       694   81.6355        12  0.102162  0.693367
    35      16       724       708    80.903        56  0.164777  0.732878
    36      16       749       733    81.433       100  0.217576  0.755975
    37      16       773       757   81.8264        96  0.097489  0.755512
    38      16       795       779   81.9886        88  0.178834  0.760445
    39      16       821       805   82.5526       104  0.267061  0.752047
2014-12-11 00:29:09.826290min lat: 0.093372 max lat: 6.43496 avg lat: 0.749189
   sec Cur ops   started  finished  avg MB/s  cur MB/s  last lat   avg lat
    40      16       851       835   83.4884       120   0.29468  0.749189
    41      16       865       849   82.8177        56  0.093642  0.740216
    42      16       878       862   82.0837        52   0.10537  0.733332
    43      16       879       863   80.2678         4  0.101127    0.7326
    44      16       879       863   78.4436         0         -    0.7326
    45      16       901       885   78.6557        44  0.259254  0.759321
    46      16       931       915   79.5542       120  0.233927  0.779006
    47      16       956       940   79.9889       100  0.097856  0.789979
    48      16       983       967   80.5721       108  0.237223  0.781647
    49      16      1003       987   80.5601        80  0.657079  0.776944
    50      16      1029      1013   81.0286       104  0.109769  0.776789
    51      16      1049      1033   81.0082        80  0.093197  0.765019
    52      16      1052      1036   79.6811        12  0.093703  0.763078
    53      16      1057      1041   78.5551        20  0.586123  0.772594
    54      16      1076      1060   78.5076        76  0.105869  0.761669
    55      16      1086      1070   77.8074        40  0.546039   0.77277
    56      16      1110      1094    78.132        96  0.179298  0.778394
    57      16      1133      1117   78.3751        92  0.198763  0.797745
    58      16      1160      1144   78.8856       108  0.115497  0.798576
    59      16      1188      1172   79.4466       112  0.479942  0.791642
2014-12-11 00:29:29.829084min lat: 0.093197 max lat: 6.83378 avg lat: 0.792057
   sec Cur ops   started  finished  avg MB/s  cur MB/s  last lat   avg lat
    60      16      1216      1200   79.9889       112   0.35933  0.792057
    61      15      1217      1202   78.8087         8   3.06207   0.79359
    62      14      1217      1203   77.6021         4   1.94057  0.794544
    63      14      1217      1203   76.3704         0         -  0.794544
    64      14      1217      1203   75.1772         0         -  0.794544
 Total time run:         64.556472
Total writes made:      1217
Write size:             4194304
Bandwidth (MB/sec):     75.407 

Stddev Bandwidth:       38.6541
Max bandwidth (MB/sec): 128
Min bandwidth (MB/sec): 0
Average Latency:        0.842576
Stddev Latency:         1.46927
Max latency:            6.83378
Min latency:            0.093197
