 Maintaining 16 concurrent writes of 4194304 bytes for up to 60 seconds or 0 objects
 Object prefix: benchmark_data_ceph-radosbench-1_1
   sec Cur ops   started  finished  avg MB/s  cur MB/s  last lat   avg lat
     0       0         0         0         0         0         -         0
     1      16        23         7   27.9914        28  0.908038  0.678743
     2      16        29        13   25.9937        24   1.50689   1.01839
     3      16        41        25   33.3261        48   1.99412   1.45076
     4      16        47        31   30.9939        24   1.88015   1.56761
     5      16        53        37   29.5947        24   1.63766   1.61222
     6      16        61        45   29.9951        32   0.56461   1.60051
     7      16        66        50    28.567        20   0.42658   1.61176
     8      16        72        56   27.9959        24  0.622931   1.64955
     9      16        78        62   27.5517        24  0.983864   1.74302
    10      16        87        71   28.3961        36   1.44306   1.94932
    11      16        95        79   28.7235        32  0.644215   1.94081
    12      16       101        85   28.3296        24  0.449911   1.93104
    13      16       107        91   27.9964        24  0.631066   1.93195
    14      16       112        96   27.4251        20   0.79257   1.95802
    15      16       118       102   27.1966        24   4.80667   2.01289
    16      16       128       112   27.9965        40   1.44428   2.12779
    17      16       134       118   27.7612        24   1.26021   2.15679
    18      16       143       127   28.2186        36   1.79899   2.13539
    19      16       149       133   27.9964        24   2.01093   2.13433
2014-12-09 22:49:06.814929min lat: 0.200091 max lat: 4.97666 avg lat: 2.14404
   sec Cur ops   started  finished  avg MB/s  cur MB/s  last lat   avg lat
    20      16       155       139   27.7965        24    2.3204   2.14404
    21      16       161       145   27.6156        24   2.38957   2.17263
    22      16       164       148   26.9058        12   2.22894   2.17874
    23      16       176       160   27.8227        48   3.28588   2.19505
    24      16       181       165   27.4967        20   2.95245    2.1944
    25      16       191       175   27.9966        40   2.61594   2.19317
    26      16       197       181   27.8429        24   3.01124   2.19828
    27      16       200       184   27.2561        12   3.40522   2.21793
    28      16       206       190   27.1397        24   1.97778   2.22775
    29      16       215       199   27.4451        36   1.98336   2.24807
    30      16       224       208   27.7301        36   2.03472    2.2403
    31      16       230       214   27.6097        24   1.81512   2.23197
    32      16       236       220   27.4968        24   2.02562   2.23224
    33      16       239       223   27.0272        12   2.61429   2.23736
    34      16       248       232   27.2909        36   3.19368   2.26115
    35      16       252       236   26.9683        16   2.90071   2.27199
    36      16       265       249   27.6635        52  0.793683   2.25811
    37      16       272       256   27.6725        28   2.33154   2.24018
    38      16       276       260   27.3653        16   3.31996   2.24707
    39      16       279       263   26.9713        12  0.805248    2.2282
2014-12-09 22:49:26.816939min lat: 0.200091 max lat: 4.97666 avg lat: 2.24782
   sec Cur ops   started  finished  avg MB/s  cur MB/s  last lat   avg lat
    40      16       283       267    26.697        16   4.47936   2.24782
    41      16       293       277   27.0213        40    1.3874   2.27646
    42      16       299       283   26.9493        24   1.43605   2.28826
    43      16       308       292   27.1597        36    1.4179   2.28765
    44      16       313       297    26.997        20   1.79422   2.28819
    45      16       319       303   26.9303        24   1.60927   2.29035
    46      16       325       309   26.8666        24   3.60665   2.30088
    47      16       334       318   27.0608        36   2.63007   2.31865
    48      16       343       327    27.247        36   1.30128   2.30084
    49      16       349       333   27.1806        24   2.11596   2.29198
    50      16       358       342    27.357        36   1.29061   2.28474
    51      16       364       348   27.2911        24  0.997526   2.28175
    52      16       367       351    26.997        12   3.39439   2.29307
    53      16       373       357   26.9404        24   2.33591   2.30497
    54      16       382       366   27.1081        36    3.5228   2.32141
    55      16       391       375   27.2698        36   2.21802   2.30637
    56      16       396       380   27.1399        20   2.10723   2.30116
    57      16       404       388   27.2251        32   1.40849   2.29331
    58      16       407       391   26.9626        12  0.924263   2.28526
    59      16       415       399   27.0479        32   2.24268   2.30928
2014-12-09 22:49:46.818957min lat: 0.200091 max lat: 5.15895 avg lat: 2.31382
   sec Cur ops   started  finished  avg MB/s  cur MB/s  last lat   avg lat
    60      16       425       409   27.2637        40   2.49633   2.31382
    61      16       426       410   26.8823         4   1.05664   2.31076
    62       8       426       418   26.9648        32   2.97874   2.32111
 Total time run:         62.766183
Total writes made:      426
Write size:             4194304
Bandwidth (MB/sec):     27.148 

Stddev Bandwidth:       10.3188
Max bandwidth (MB/sec): 52
Min bandwidth (MB/sec): 0
Average Latency:        2.33852
Stddev Latency:         1.1178
Max latency:            5.2717
Min latency:            0.200091
