 Maintaining 16 concurrent writes of 4194304 bytes for up to 60 seconds or 0 objects
 Object prefix: benchmark_data_ceph-radosbench-1_1
   sec Cur ops   started  finished  avg MB/s  cur MB/s  last lat   avg lat
     0       0         0         0         0         0         -         0
     1      16        36        20   79.9754        80  0.830492  0.429743
     2      16        54        38    75.982        72  0.288149  0.586715
     3      16        66        50    66.654        48   1.39152  0.693809
     4      16        84        68   67.9886        72  0.315666  0.819536
     5      16        93        77   61.5899        36  0.294292  0.806339
     6      16       102        86   57.3241        36  0.146518  0.894065
     7      16       119       103   58.8477        68  0.485426  0.977108
     8      16       140       124     61.99        84  0.552114   0.97283
     9      16       155       139   61.7679        60   1.06536  0.966795
    10      16       162       146   58.3908        28  0.321402  0.958666
    11      16       169       153   55.6279        28  0.507483  0.968082
    12      16       185       169   56.3247        64   1.21408   1.08977
    13      16       208       192   59.0674        92   0.46822   1.05046
    14      16       227       211   60.2761        76  0.527244   1.01989
    15      16       244       228   60.7904        68   1.27914    1.0065
    16      16       258       242   60.4906        56   1.68417   1.00945
    17      16       268       252   59.2849        40   1.70794   1.03312
    18      16       269       253   56.2136         4   1.04469   1.03316
    19      16       284       268   56.4125        60  0.167838    1.0422
2014-12-10 23:47:16.474140min lat: 0.110316 max lat: 3.34878 avg lat: 1.08493
   sec Cur ops   started  finished  avg MB/s  cur MB/s  last lat   avg lat
    20      16       302       286   57.1913        72   1.49864   1.08493
    21      16       324       308   58.6577        88  0.472082   1.06466
    22      16       343       327   59.4455        76  0.400419   1.05315
    23      16       357       341   59.2953        56   0.32055   1.04436
    24      16       369       353   58.8244        48   1.45893   1.04721
    25      16       374       358   57.2713        20    1.1814    1.0518
    26      16       383       367    56.453        36  0.190616   1.06367
    27      16       393       377   55.8434        40   3.45534   1.09612
    28      16       414       398   56.8486        84  0.420754   1.10136
    29      16       433       417   57.5086        76  0.433247   1.08874
    30      16       451       435   57.9912        72   1.35181   1.08541
    31      16       465       449   57.9267        56    1.3066    1.0786
    32      16       476       460   57.4913        44   1.28709    1.0841
    33      16       476       460   55.7492         0         -    1.0841
    34      16       491       475    55.874        30  0.422981   1.11102
    35      16       509       493   56.3345        72    1.0524   1.11448
    36      16       525       509   56.5471        64  0.213281   1.10541
    37      16       542       526   56.8564        68   1.87434   1.10676
    38      16       561       545   57.3598        76   1.40625   1.10109
    39      16       573       557   57.1196        48   1.36948   1.09681
2014-12-10 23:47:36.477088min lat: 0.094605 max lat: 3.87982 avg lat: 1.09851
   sec Cur ops   started  finished  avg MB/s  cur MB/s  last lat   avg lat
    40      16       576       560   55.9916        12   1.38386   1.09851
    41      16       578       562    54.821         8   2.19501   1.10258
    42      16       598       582   55.4203        80  0.096732   1.13912
    43      16       616       600   55.8055        72  0.175183   1.12728
    44      16       633       617   56.0825        68  0.251202    1.1237
    45      16       643       627    55.725        40   1.65314   1.13027
    46      16       654       638   55.4699        44  0.207878   1.12778
    47      16       663       647   55.0555        36  0.947922    1.1322
    48      16       672       656   54.6583        36   3.02127   1.13802
    49      16       681       665   54.2774        36  0.094981   1.15195
    50      16       702       686   54.8715        84   1.87916   1.15389
    51      16       719       703   55.1287        68  0.561492   1.14618
    52      16       736       720    55.376        68  0.411261   1.14212
    53      16       750       734   55.3876        56   1.68097   1.14135
    54      16       756       740   54.8063        24   1.45422    1.1439
    55      16       764       748   54.3916        32   0.09326   1.13983
    56      16       767       751   53.6345        12   3.51263   1.14942
    57      16       782       766    53.746        60  0.124467   1.16924
    58      16       800       784   54.0605        72   1.62468   1.17009
    59      16       820       804      54.5        80    1.0824   1.16575
2014-12-10 23:47:56.480441min lat: 0.09326 max lat: 3.87982 avg lat: 1.15883
   sec Cur ops   started  finished  avg MB/s  cur MB/s  last lat   avg lat
    60      16       835       819   54.5915        60  0.519145   1.15883
    61      15       836       821   53.8277         8   1.42113   1.15923
 Total time run:         61.991637
Total writes made:      836
Write size:             4194304
Bandwidth (MB/sec):     53.943 

Stddev Bandwidth:       24.4029
Max bandwidth (MB/sec): 92
Min bandwidth (MB/sec): 0
Average Latency:        1.18474
Stddev Latency:         0.874362
Max latency:            3.87982
Min latency:            0.09326
