 Maintaining 16 concurrent writes of 4194304 bytes for up to 60 seconds or 0 objects
 Object prefix: benchmark_data_ceph-radosbench-1_1
   sec Cur ops   started  finished  avg MB/s  cur MB/s  last lat   avg lat
     0       0         0         0         0         0         -         0
     1      16        28        12   47.9829        48  0.812657  0.476341
     2      16        37        21   41.9888        36    1.4916  0.880567
     3      16        43        27   35.9923        24   1.79002   1.07883
     4      16        46        30   29.9943        12   2.69328   1.25185
     5      16        58        42    33.594        48   2.39462   1.66226
     6      16        64        48   31.9947        24    1.3967   1.66838
     7      16        73        57   32.5664        36   1.81079   1.68202
     8      16        82        66   32.9951        36   1.81346   1.71814
     9      16        91        75   33.3285        36   1.74129   1.73899
    10      16        95        79   31.5956        16    2.4642   1.75141
    11      16        97        81   29.4506         8   2.12711   1.76069
    12      16        97        81   26.9964         0         -   1.76069
    13      15       111        96   29.5346        30   2.99861   2.05257
    14      16       119       103   29.4247        28   1.72915   2.02964
    15      16       127       111   29.5962        32   1.71991   2.01005
    16      16       136       120   29.9962        36   1.72687   1.99929
    17      16       145       129   30.3491        36   1.65685   1.98494
    18      16       148       132   29.3297        12   1.75711   1.98194
    19      16       148       132    27.786         0         -   1.98194
2014-12-10 23:42:20.816144min lat: 0.105782 max lat: 4.12978 avg lat: 2.09566
   sec Cur ops   started  finished  avg MB/s  cur MB/s  last lat   avg lat
    20      16       161       145   28.9965        26   3.24907   2.09566
    21      16       169       153   29.1393        32   1.48131   2.09142
    22      16       178       162    29.451        36   1.85159   2.07787
    23      16       187       171   29.7356        36   1.83336   2.07104
    24      16       196       180   29.9964        36   1.78486    2.0627
    25      16       196       180   28.7966         0         -    2.0627
    26      16       199       183   28.1505         6   2.66143    2.0744
    27      16       214       198   29.3299        60   1.71712   2.13408
    28      16       223       207    29.568        36   1.45128    2.1039
    29      16       231       215   29.6517        32    1.7541   2.09314
    30      16       238       222   29.5966        28   1.76988   2.08552
    31      16       247       231    29.803        36   1.76282   2.07646
    32      16       250       234   29.2467        12   1.81841   2.07444
    33      16       253       237    28.724        12   2.82383   2.08533
    34      16       259       243    28.585        24   3.50238   2.12523
    35      16       268       252   28.7968        36   2.41222   2.16904
    36      16       277       261   28.9967        36   1.71319   2.15799
    37      16       285       269   29.0778        32   1.75022   2.14896
    38      16       292       276   29.0494        28   1.76456   2.14144
    39      16       298       282   28.9199        24   1.80598   2.13627
2014-12-10 23:42:40.818106min lat: 0.105782 max lat: 4.12978 avg lat: 2.14333
   sec Cur ops   started  finished  avg MB/s  cur MB/s  last lat   avg lat
    40      16       301       285   28.4969        12   2.69497   2.14333
    41      16       307       291   28.3871        24   3.21152   2.16943
    42      16       317       301   28.6635        40   2.30443   2.19022
    43      16       325       309    28.741        32   1.59399   2.17246
    44      16       334       318   28.9059        36   1.77348   2.16378
    45      16       343       327   29.0634        36   1.75372   2.15593
    46      16       349       333   28.9533        24   1.83513   2.15178
    47      16       349       333   28.3372         0         -   2.15178
    48      16       355       339   28.2468        12   3.50551   2.17285
    49      16       367       351   28.6499        48      1.83   2.20217
    50      16       376       360   28.7968        36   1.61956   2.18666
    51      16       382       366   28.7026        24   1.80111   2.18152
    52      16       391       375   28.8429        36   1.76642   2.17432
    53      16       400       384   28.9778        36   1.79474   2.16729
    54      16       403       387   28.6634        12   2.27316   2.16894
    55      16       403       387   28.1423         0         -   2.16894
    56      16       415       399   28.4968        24   3.15223   2.21009
    57      16       421       405   28.4178        24   1.36404   2.21371
    58      16       430       414   28.5485        36   1.78621   2.20252
    59      16       439       423   28.6747        36   1.72962   2.19536
2014-12-10 23:43:00.820552min lat: 0.105782 max lat: 4.12978 avg lat: 2.18922
   sec Cur ops   started  finished  avg MB/s  cur MB/s  last lat   avg lat
    60      16       448       432   28.7967        36   1.81337   2.18922
    61      14       449       435   28.5213        12   1.80237   2.18738
    62      11       449       438   28.2548        12   2.71532   2.19179
 Total time run:         62.882330
Total writes made:      449
Write size:             4194304
Bandwidth (MB/sec):     28.561 

Stddev Bandwidth:       13.7887
Max bandwidth (MB/sec): 60
Min bandwidth (MB/sec): 0
Average Latency:        2.21337
Stddev Latency:         0.77426
Max latency:            4.12978
Min latency:            0.105782
