 Maintaining 16 concurrent writes of 4194304 bytes for up to 60 seconds or 0 objects
 Object prefix: benchmark_data_ceph-radosbench-1_1
   sec Cur ops   started  finished  avg MB/s  cur MB/s  last lat   avg lat
     0       0         0         0         0         0         -         0
     1      16        23         7   27.9908        28  0.993965  0.698967
     2      16        29        13   25.9934        24   1.89489   1.13189
     3      16        32        16   21.3284        12    2.4825   1.38396
     4      16        35        19    18.996        12   2.49095   1.57986
     5      16        41        25   19.9959        24   3.44052   2.05587
     6      16        47        31   20.6626        24   3.14561   2.31968
     7      16        53        37   21.1387        24   2.21026   2.42175
     8      16        59        43   21.4959        24   2.60221   2.45189
     9      16        62        46   20.4406        12   2.80621   2.48342
    10      16        65        49   19.5963        12   2.93681   2.52091
    11      16        68        52   18.9056        12   4.37024   2.63685
    12      16        74        58   19.3298        24   3.97529   2.80533
    13      16        80        64   19.6887        24    3.5452   2.90392
    14      16        86        70   19.9964        24   2.40633   2.88579
    15      16        89        73   19.4632        12   2.64083   2.88094
    16      16        95        79   19.7465        24   3.00948   2.89653
    17      16        98        82   19.2907        12   3.39936   2.92203
    18      16       101        85   18.8856        12   3.92383   2.96442
    19      16       110        94    19.786        36   3.28313   3.02852
2015-02-01 02:21:00.370183min lat: 0.176307 max lat: 4.85398 avg lat: 3.03431
   sec Cur ops   started  finished  avg MB/s  cur MB/s  last lat   avg lat
    20      16       113        97   19.3966        12    2.8913   3.03431
    21      16       119       103   19.6156        24   2.63119   3.01715
    22      16       122       106   19.2693        12   2.91737   3.01798
    23      16       128       112   19.4748        24   3.21085   3.03702
    24      16       128       112   18.6634         0         -   3.03702
    25      16       134       118   18.8767        12   4.27051   3.11547
    26      16       140       124   19.0736        24   3.68767   3.16132
    27      16       146       130   19.2559        24   2.23055   3.16859
    28      16       152       136   19.4252        24   2.62845   3.14774
    29      16       155       139   19.1691        12   2.90959   3.14532
    30      16       158       142   18.9301        12   2.91362   3.14382
    31      16       161       145   18.7064        12   3.51412   3.15497
    32      16       167       151   18.8717        24   3.92809   3.19595
    33      16       173       157   19.0269        24   3.54095   3.21849
    34      16       179       163   19.1731        24    2.4941   3.21596
    35      16       182       166   18.9681        12   2.62587    3.2076
    36      16       188       172   19.1078        24   3.21261   3.20708
    37      16       191       175   18.9156        12   3.23033    3.2109
    38      16       191       175   18.4179         0         -    3.2109
    39      16       200       184   18.8685        18   3.68665    3.2558
2015-02-01 02:21:20.373624min lat: 0.176307 max lat: 5.07744 avg lat: 3.2669
   sec Cur ops   started  finished  avg MB/s  cur MB/s  last lat   avg lat
    40      16       206       190   18.9967        24   3.38237    3.2669
    41      16       209       193    18.826        12    2.5138   3.26312
    42      16       215       199   18.9491        24   3.00425   3.25625
    43      16       218       202   18.7874        12   3.20721   3.25746
    44      16       221       205   18.6331        12   3.31013   3.26114
    45      16       224       208   18.4857        12    4.1071   3.27658
    46      16       233       217   18.8663        36   3.41054   3.29923
    47      16       236       220   18.7202        12   3.20301   3.30113
    48      16       242       226   18.8301        24   2.60393   3.28828
    49      16       248       232   18.9355        24   3.00906   3.28176
    50      16       251       235   18.7967        12   3.10452    3.2816
    51      16       251       235   18.4282         0         -    3.2816
    52      16       257       241   18.5352        12   4.13416   3.31059
    53      16       263       247   18.6383        24   3.73139   3.32812
    54      16       269       253   18.7375        24   2.41442   3.33185
    55      16       272       256    18.615        12   2.63309   3.32517
    56      16       278       262    18.711        24   3.20903   3.32208
    57      16       281       265   18.5933        12    3.4265   3.32548
    58      16       284       268   18.4796        12   3.99943   3.33524
    59      16       293       277   18.7764        36   3.15234   3.34579
2015-02-01 02:21:40.377027min lat: 0.176307 max lat: 5.07744 avg lat: 3.34446
   sec Cur ops   started  finished  avg MB/s  cur MB/s  last lat   avg lat
    60      16       296       280   18.6634        12   2.95385   3.34446
    61      11       297       286   18.7508        24    2.7974   3.33478
    62       8       297       289   18.6419        12   3.01873   3.33285
    63       2       297       295   18.7269        24   3.20356    3.3346
    64       2       297       295   18.4343         0         -    3.3346
 Total time run:         64.605204
Total writes made:      297
Write size:             4194304
Bandwidth (MB/sec):     18.389 

Stddev Bandwidth:       8.52959
Max bandwidth (MB/sec): 36
Min bandwidth (MB/sec): 0
Average Latency:        3.3434
Stddev Latency:         0.800456
Max latency:            5.07744
Min latency:            0.176307
