 Maintaining 16 concurrent writes of 4194304 bytes for up to 60 seconds or 0 objects
 Object prefix: benchmark_data_ceph-radosbench-1_1
   sec Cur ops   started  finished  avg MB/s  cur MB/s  last lat   avg lat
     0       0         0         0         0         0         -         0
     1      16        28        12   47.9848        48    0.8233  0.480471
     2      16        31        15   29.9928        12   1.13293  0.609608
     3      16        43        27   35.9931        48   2.17697   1.35031
     4      16        52        36   35.9938        36   1.29571   1.44833
     5      16        64        48    38.394        48   1.37017   1.45343
     6      16        73        57   37.9945        36    1.3906   1.45205
     7      16        85        69   39.4232        48   1.38877   1.45628
     8      16        88        72   35.9953        12    1.3566   1.45573
     9      16        91        75   33.3291        12   2.67001   1.50739
    10      16        91        75   29.9963         0         -   1.50739
    11      16        94        78   28.3603         6   4.49127   1.62537
    12      16       107        91   30.3298        52    3.2768   1.98753
    13      16       118       102    31.381        44   1.31528   1.91476
    14      16       130       114   32.5677        48   1.43126    1.8685
    15      16       139       123   32.7963        36   1.46858   1.84449
    16      16       148       132   32.9963        36   1.49083   1.82349
    17      16       151       135   31.7611        12    2.3676   1.83761
    18      16       151       135   29.9965         0         -   1.83761
    19      16       151       135   28.4177         0         -   1.83761
2014-12-10 23:38:56.531316min lat: 0.105185 max lat: 4.74293 avg lat: 2.04455
   sec Cur ops   started  finished  avg MB/s  cur MB/s  last lat   avg lat
    20      16       163       147   29.3966        16    4.1093   2.04455
    21      16       175       159   30.2821        48    1.2854   2.04412
    22      16       187       171   31.0872        48   1.34971   2.00115
    23      16       196       180   31.3006        36   1.41811    1.9751
    24      16       208       192   31.9961        48    1.3477   1.94392
    25      16       211       195   31.1962        12   1.32582   1.93588
    26      16       211       195   29.9963         0         -   1.93588
    27      16       211       195   28.8853         0         -   1.93588
    28      16       217       201   28.7107         8   4.41556   2.00682
    29      16       229       213   29.3757        48   1.71656   2.12388
    30      16       241       225   29.9963        48   1.38747   2.08769
    31      16       250       234   30.1897        36   1.42738   2.06622
    32      16       262       246   30.7461        48   1.40327   2.03835
    33      16       271       255   30.9051        36   1.43061   2.01863
    34      16       271       255   29.9962         0         -   2.01863
    35      16       271       255   29.1391         0         -   2.01863
    36      16       274       258    28.663         4   4.13073   2.04435
    37      16       285       269   29.0773        44   4.22093   2.14229
    38      16       295       279   29.3646        40   1.22869   2.13576
    39      16       307       291   29.8422        48   1.44614   2.10783
2014-12-10 23:39:16.534245min lat: 0.105185 max lat: 4.74293 avg lat: 2.08927
   sec Cur ops   started  finished  avg MB/s  cur MB/s  last lat   avg lat
    40      16       316       300   29.9961        36   1.39636   2.08927
    41      16       328       312    30.435        48   1.45555   2.06708
    42      16       331       315    29.996        12   1.45025     2.062
    43      16       334       318   29.5775        12   2.09029   2.06313
    44      16       334       318   28.9052         0         -   2.06313
    45      16       336       320   28.4406         4   4.61504   2.08002
    46      16       349       333   28.9526        52   3.79683    2.1742
    47      16       358       342   29.1024        36   1.32603   2.16023
    48      16       370       354    29.496        48   1.35702   2.13664
    49      16       382       366   29.8735        48    1.4017   2.11534
    50      16       391       375   29.9959        36    1.3651   2.09996
    51      16       394       378    29.643        12   1.82004   2.09838
    52      16       394       378    29.073         0         -   2.09838
    53      16       394       378   28.5244         0         -   2.09838
    54      16       403       387   28.6628        12   4.37865   2.15511
    55      16       415       399   29.0142        48    1.1368   2.17721
    56      16       427       411   29.3531        48   1.45684   2.15511
    57      16       436       420   29.4696        36    1.4139   2.14212
    58      16       445       429   29.5821        36   1.57572   2.13002
    59      16       451       435   29.4875        24   1.79188   2.12632
2014-12-10 23:39:36.537250min lat: 0.105185 max lat: 4.91644 avg lat: 2.13195
   sec Cur ops   started  finished  avg MB/s  cur MB/s  last lat   avg lat
    60      16       454       438    29.196        12   2.87098   2.13195
    61      16       454       438   28.7173         0         -   2.13195
    62      16       454       438   28.2542         0         -   2.13195
    63       5       455       450   28.5675        16    4.2074   2.19788
 Total time run:         63.252304
Total writes made:      455
Write size:             4194304
Bandwidth (MB/sec):     28.774 

Stddev Bandwidth:       19.6254
Max bandwidth (MB/sec): 52
Min bandwidth (MB/sec): 0
Average Latency:        2.20639
Stddev Latency:         1.28546
Max latency:            5.0892
Min latency:            0.105185
