 Maintaining 16 concurrent writes of 4194304 bytes for up to 60 seconds or 0 objects
 Object prefix: benchmark_data_ceph-radosbench-1_1
   sec Cur ops   started  finished  avg MB/s  cur MB/s  last lat   avg lat
     0       0         0         0         0         0         -         0
     1      16        32        16   63.9795        64  0.402444  0.480452
     2      16        54        38   75.9823        88  0.212913  0.475316
     3      16        76        60   79.9838        88   0.31059  0.450949
     4      16        99        83   82.9847        92  0.204477  0.409414
     5      16       111        95   75.9867        48   1.01387   0.41148
     6      16       118       102   67.9891        28  0.642495  0.406076
     7      16       132       116   66.2757        56  0.355846  0.388331
     8      16       139       123   61.4911        28  0.256759  0.379613
     9      16       144       128    56.881        20  0.266209  0.372939
    10      16       145       129   51.5931         4  0.259919  0.372063
    11      16       145       129    46.903         0         -  0.372063
    12      16       145       129   42.9946         0         -  0.372063
    13      16       145       129   39.6874         0         -  0.372063
    14      16       145       129   36.8527         0         -  0.372063
    15      16       145       129   34.3959         0         -  0.372063
    16      16       145       129   32.2462         0         -  0.372063
    17      16       145       129   30.3494         0         -  0.372063
    18      16       145       129   28.6634         0         -  0.372063
    19      16       145       129   27.1548         0         -  0.372063
2014-12-10 21:04:20.425119min lat: 0.094099 max lat: 1.3328 avg lat: 0.372063
   sec Cur ops   started  finished  avg MB/s  cur MB/s  last lat   avg lat
    20      16       145       129   25.7971         0         -  0.372063
    21      16       145       129   24.5687         0         -  0.372063
    22      16       145       129   23.4519         0         -  0.372063
    23      16       145       129   22.4323         0         -  0.372063
    24      16       145       129   21.4977         0         -  0.372063
    25      16       145       129   20.6378         0         -  0.372063
    26      16       145       129    19.844         0         -  0.372063
    27      16       145       129   19.1091         0         -  0.372063
    28      16       145       129   18.4266         0         -  0.372063
    29      16       145       129   17.7912         0         -  0.372063
    30      16       145       129   17.1982         0         -  0.372063
    31      16       145       129   16.6434         0         -  0.372063
    32      16       162       146   18.2481   3.09091  0.475338   2.79868
    33      16       187       171   20.7251       100  0.532828   3.05012
    34      15       217       202   23.7622       124  0.675769   2.67036
    35      16       239       223    25.483        84  0.215012   2.47024
    36      16       271       255   28.3303       128  0.157161   2.23516
    37      16       286       270    29.186        60   1.20351   2.14902
    38      16       313       297   31.2597       108  0.597295    2.0188
    39      15       344       329   33.7398       128  0.478354   1.88101
2014-12-10 21:04:40.427338min lat: 0.094099 max lat: 31.2066 avg lat: 1.77997
   sec Cur ops   started  finished  avg MB/s  cur MB/s  last lat   avg lat
    40      16       372       356    35.596       108  0.593673   1.77997
    41      16       390       374   36.4837        72   1.43049   1.72175
    42      16       425       409    38.948       140  0.351889   1.63493
    43      16       446       430   39.9954        84  0.251927   1.57757
    44      16       478       462   41.9951       128  0.227076   1.51349
    45      16       507       491   43.6394       116  0.494121   1.45697
    46      16       533       517   44.9513       104  0.449243   1.41153
    47      16       560       544   46.2924       108  0.879688   1.37085
    48      16       587       571   47.5777       108  0.288823   1.33243
    49      16       610       594   48.4841        92   1.21168    1.3022
    50      16       634       618   49.4341        96   1.53615   1.28472
    51      16       665       649   50.8959       124  0.719914   1.25191
    52      16       690       674     51.84       100  0.135186    1.2245
    53      16       712       696    52.522        88   0.16704   1.20725
    54      16       741       725   53.6972       116  0.754393   1.18508
    55      16       766       750   54.5389       100  0.387484   1.16427
    56      16       796       780   55.7076       120  0.396237   1.14052
    57      16       822       806   56.5546       104  0.228245   1.12125
    58      16       849       833   57.4413       108  0.408061   1.10886
    59      16       879       863   58.5014       120  0.585427   1.08839
2014-12-10 21:05:00.430117min lat: 0.094099 max lat: 31.2066 avg lat: 1.0737
   sec Cur ops   started  finished  avg MB/s  cur MB/s  last lat   avg lat
    60      16       902       886   59.0595        92  0.407347    1.0737
    61      14       903       889    58.288        12  0.777758   1.07276
 Total time run:         61.126942
Total writes made:      903
Write size:             4194304
Bandwidth (MB/sec):     59.090 

Stddev Bandwidth:       51.3748
Max bandwidth (MB/sec): 140
Min bandwidth (MB/sec): 0
Average Latency:        1.08175
Stddev Latency:         3.74469
Max latency:            31.2066
Min latency:            0.094099
