 Maintaining 16 concurrent writes of 4194304 bytes for up to 60 seconds or 0 objects
 Object prefix: benchmark_data_ceph-radosbench-1_1
   sec Cur ops   started  finished  avg MB/s  cur MB/s  last lat   avg lat
     0       0         0         0         0         0         -         0
     1      16        27        11    43.985        44  0.898025  0.580977
     2      16        36        20   39.9891        36  0.806575  0.817107
     3      16        48        32   42.6564        48   1.46097   1.10577
     4      16        60        44   43.9903        48   1.23145   1.19641
     5      16        69        53    42.391        36   1.28067   1.23041
     6      16        75        59   39.3253        24   1.80549   1.28447
     7      16        84        68   38.8495        36   2.17062   1.42528
     8      16        94        78   38.9925        40   1.30955   1.44189
     9      16       102        86    38.215        32   2.54516   1.46107
    10      16       112        96   38.3928        40  0.835698   1.50691
    11      16       123       107   38.9019        44    1.1003   1.51903
    12      16       132       116   38.6596        36   1.39807    1.5373
    13      16       138       122   37.5317        24   1.54565   1.56222
    14      15       152       137   39.1359        60  0.765121   1.57235
    15      16       157       141   37.5933        16  0.910734   1.55145
    16      16       166       150   37.4933        36   2.62615   1.57993
    17      16       175       159   37.4052        36   2.67242   1.61437
    18      16       187       171   37.9933        48   1.44521   1.62007
    19      16       190       174   36.6252        12   1.82404   1.62358
2015-02-01 02:23:43.735311min lat: 0.19764 max lat: 3.25654 avg lat: 1.6503
   sec Cur ops   started  finished  avg MB/s  cur MB/s  last lat   avg lat
    20      16       202       186   37.1935        48    1.3426    1.6503
    21      16       211       195   37.1364        36   1.20765    1.6481
    22      16       219       203   36.9027        32   2.83574   1.64721
    23      16       228       212    36.863        36   2.42327   1.65916
    24      16       240       224   37.3267        48    1.3839   1.66096
    25      16       249       233   37.2734        36    1.7755    1.6565
    26      16       256       240   36.9165        28   2.74674   1.65731
    27      16       265       249   36.8824        36   2.52951   1.66536
    28      16       273       257   36.7078        32   1.95687   1.67464
    29      16       285       269   37.0969        48    2.1232   1.67862
    30      16       295       279   37.1935        40  0.962772   1.66168
    31      16       304       288   37.1548        36   2.44104   1.66697
    32      16       307       291   36.3687        12  0.397887   1.65706
    33      16       314       298    36.115        28   3.41936   1.68776
    34      16       322       306   35.9938        32   2.90991   1.71138
    35      16       334       318   36.3366        48   1.60016   1.72912
    36      16       343       327   36.3271        36   1.25048   1.71749
    37      16       355       339   36.6424        48   1.28049   1.70966
    38      16       361       345   36.3095        24    1.1961   1.70619
    39      16       367       351   35.9938        24   2.02216   1.71174
2015-02-01 02:24:03.738710min lat: 0.185076 max lat: 3.70307 avg lat: 1.72817
   sec Cur ops   started  finished  avg MB/s  cur MB/s  last lat   avg lat
    40      16       376       360   35.9938        36   2.25553   1.72817
    41      16       387       371   36.1889        44   2.84918   1.72855
    42      16       398       382   36.3747        44  0.951398   1.72601
    43      16       408       392   36.4588        40    0.5788   1.71536
    44      16       419       403   36.6301        44  0.802782   1.70825
    45      16       425       409   36.3493        24   2.51191   1.71871
    46      16       430       414   35.9938        20    2.2496   1.72448
    47      16       440       424   36.0789        40   1.45024   1.72543
    48      16       442       426   35.4939         8  0.104482   1.71802
    49      16       455       439   35.8306        52  0.513788   1.74281
    50      16       465       449   35.9139        40  0.607159   1.74889
    51      16       471       455   35.6802        24  0.967764   1.74896
    52      16       477       461   35.4555        24   2.40839   1.75744
    53      16       491       475    35.843        56   2.15612    1.7627
    54      16       497       481   35.6236        24  0.397933   1.74681
    55      16       503       487   35.4122        24  0.241832   1.74873
    56      16       515       499   35.6368        48   3.25358   1.76396
    57      16       524       508   35.6431        36  0.928684   1.75969
    58      16       532       516   35.5802        32   2.22832   1.76562
    59      16       540       524   35.5194        32   2.40107   1.77174
2015-02-01 02:24:23.742013min lat: 0.104482 max lat: 4.2115 avg lat: 1.76646
   sec Cur ops   started  finished  avg MB/s  cur MB/s  last lat   avg lat
    60      16       549       533   35.5273        36  0.180057   1.76646
    61      16       550       534   35.0104         4  0.458237   1.76401
    62      16       550       534   34.4458         0         -   1.76401
    63      14       550       536    34.026         4   3.70587   1.77027
 Total time run:         63.129063
Total writes made:      550
Write size:             4194304
Bandwidth (MB/sec):     34.849 

Stddev Bandwidth:       13.3783
Max bandwidth (MB/sec): 60
Min bandwidth (MB/sec): 0
Average Latency:        1.83265
Stddev Latency:         0.9138
Max latency:            5.90225
Min latency:            0.104482
