 Maintaining 16 concurrent writes of 4194304 bytes for up to 60 seconds or 0 objects
 Object prefix: benchmark_data_ceph-radosbench-1_1
   sec Cur ops   started  finished  avg MB/s  cur MB/s  last lat   avg lat
     0       0         0         0         0         0         -         0
     1      16        32        16   63.9704        64  0.980536  0.646074
     2      16        49        33   65.9771        68  0.432188  0.737248
     3      16        66        50   66.6466        68  0.605984  0.761455
     4      16        85        69   68.9808        76   1.82401  0.806557
     5      16       103        87   69.5815        72   1.37099  0.842916
     6      15       118       103   68.6497        64   1.10967  0.853499
     7      16       128       112   63.9846        36   2.02273  0.867871
     8      16       143       127   63.4851        60  0.782421  0.934423
     9      16       159       143   63.5407        64  0.421627  0.932691
    10      16       170       154   61.5858        44   2.03319  0.946666
    11      16       181       165   59.9864        44   1.47909  0.982774
    12      16       202       186   61.9855        84  0.688986  0.987989
    13      16       217       201   61.8318        60    1.1191  0.980076
    14      16       230       214   61.1288        52   1.93782  0.990777
    15      16       248       232   61.8528        72  0.327848  0.993853
    16      16       255       239   59.7366        28   3.02093   1.00348
    17      16       268       252   59.2807        52   0.68684   1.01127
    18      16       286       270   59.9865        72  0.915234   1.02852
    19      16       306       290    61.039        80  0.782419   1.01914
2015-02-01 05:50:13.549966min lat: 0.214743 max lat: 3.10225 avg lat: 1.012
   sec Cur ops   started  finished  avg MB/s  cur MB/s  last lat   avg lat
    20      16       322       306   61.1865        64  0.889269     1.012
    21      16       342       326   62.0816        80  0.777528   1.00898
    22      16       354       338   61.4411        48   1.11523   1.00428
    23      16       365       349   60.6826        44   2.25348    1.0082
    24      16       373       357   59.4872        32   2.95864   1.02397
    25      16       388       372   59.5074        60   1.53176   1.04507
    26      16       404       388   59.6797        64   1.68292    1.0483
    27      16       422       406   60.1354        72   1.32047   1.04443
    28      16       445       429   61.2727        92   0.44278   1.03363
    29      16       454       438    60.401        36  0.897572    1.0272
    30      16       469       453   60.3872        60   1.38619   1.04201
    31      16       484       468   60.3277        60   1.74337   1.03411
    32      16       497       481   60.0673        52  0.239451   1.03278
    33      16       516       500   60.5493        76  0.557896   1.03989
    34      16       533       517   60.7678        68  0.314669   1.03391
    35      16       548       532   60.7455        60  0.843724   1.03109
    36      16       559       543   60.2804        44  0.268521   1.02949
    37      16       569       553   59.7324        40   2.26419   1.04287
    38      16       580       564   59.3184        44   1.61813   1.05272
    39      16       602       586    60.053        88  0.324495   1.04666
2015-02-01 05:50:33.577938min lat: 0.125264 max lat: 3.10225 avg lat: 1.04493
   sec Cur ops   started  finished  avg MB/s  cur MB/s  last lat   avg lat
    40      16       617       601   60.0514        60  0.699335   1.04493
    41      16       631       615   59.9523        56   2.17518   1.04857
    42      16       651       635    60.429        80   1.31379   1.04141
    43      16       664       648   60.2328        52   1.26459   1.03265
    44      16       672       656   59.5914        32  0.232676   1.03739
    45      16       684       668   59.3337        48  0.846102   1.04532
    46      16       699       683   59.3479        60  0.427746   1.05333
    47      16       716       700   59.5316        68  0.637668   1.05882
    48      16       735       719   59.8742        76  0.341642   1.05479
    49      16       750       734   59.8765        60  0.679751   1.04876
    50      16       756       740   59.1592        24   1.75214   1.04901
    51      16       771       755   59.1755        60  0.313135    1.0554
    52      16       789       773   59.4218        72   0.26544   1.05844
    53      16       803       787    59.357        56  0.743203   1.06309
    54      16       818       802   59.3687        60   1.43067   1.06097
    55      16       834       818   59.4526        64  0.179412   1.06194
    56      16       849       833   59.4622        60  0.716276   1.06361
    57      16       855       839   58.8402        24  0.925159   1.06221
    58      16       865       849   58.5154        40   3.17823   1.06706
    59      16       877       861   58.3371        48  0.211204   1.07997
2015-02-01 05:50:53.582001min lat: 0.125264 max lat: 4.33359 avg lat: 1.08002
   sec Cur ops   started  finished  avg MB/s  cur MB/s  last lat   avg lat
    60      16       893       877   58.4312        64  0.559045   1.08002
    61      16       894       878   57.5392         4   1.62283   1.08064
 Total time run:         61.707052
Total writes made:      894
Write size:             4194304
Bandwidth (MB/sec):     57.951 

Stddev Bandwidth:       18.3831
Max bandwidth (MB/sec): 92
Min bandwidth (MB/sec): 0
Average Latency:        1.10427
Stddev Latency:         0.773668
Max latency:            4.33359
Min latency:            0.125264
