 Maintaining 16 concurrent writes of 4194304 bytes for up to 60 seconds or 0 objects
 Object prefix: benchmark_data_ceph-radosbench-2_1
   sec Cur ops   started  finished  avg MB/s  cur MB/s  last lat   avg lat
     0       0         0         0         0         0         -         0
     1      16        30        14   55.9762        56  0.977063  0.611464
     2      16        50        34   67.9779        80  0.443418   0.62191
     3      16        62        46    61.316        48  0.906884   0.66284
     4      16        79        63   62.9834        68  0.217042   0.86218
     5      16        91        75   59.9857        48  0.320943  0.886154
     6      16       111        95   63.3189        80   1.13068  0.946292
     7      16       121       105   59.9867        40   1.90674  0.942022
     8      16       135       119   59.4869        56  0.727292   0.94774
     9      16       150       134   59.5426        60  0.638994  0.980857
    10      16       164       148   59.1872        56   1.89134  0.991935
    11      16       176       160   58.1695        48   0.17744   1.00957
    12      16       192       176   58.6539        64  0.794222   1.02452
    13      16       211       195    59.987        76   1.27217    1.0296
    14      16       225       209   59.7014        56   1.15609   1.02311
    15      16       241       225   59.9871        64   0.54987   1.01177
    16      16       250       234   58.4875        36   3.22945    1.0039
    17      16       266       250    58.811        64   2.58135   1.03662
    18      16       287       271   60.2093        84  0.694254   1.04111
    19      16       301       285   59.9871        56  0.856213    1.0285
2015-02-01 05:53:46.305415min lat: 0.135795 max lat: 3.25244 avg lat: 1.02832
   sec Cur ops   started  finished  avg MB/s  cur MB/s  last lat   avg lat
    20      16       319       303    60.587        72   1.44294   1.02832
    21      16       335       319   60.7489        64  0.885439   1.02796
    22      16       344       328   59.6235        36   1.24421   1.02687
    23      16       350       334   58.0745        24  0.925596   1.02396
    24      16       370       354   58.9875        80  0.313588   1.06307
    25      16       383       367   58.7076        52  0.255378   1.05125
    26      16       402       386   59.3721        76   1.47258   1.05403
    27      16       416       400   59.2468        56  0.611889   1.05151
    28      16       434       418   59.7017        72  0.503667   1.04705
    29      16       444       428    59.022        40  0.120541   1.04612
    30      16       459       443   59.0542        60  0.771094   1.05483
    31      16       475       459   59.1702        64  0.290337   1.05446
    32      16       489       473   59.0709        56  0.233055   1.05938
    33      16       505       489   59.2197        64   1.28475   1.06081
    34      16       519       503   59.1248        56  0.482906   1.06051
    35      16       536       520   59.3778        68  0.801104   1.05608
    36      16       546       530   58.8396        40  0.349958   1.04888
    37      16       559       543   58.6546        52   2.42285   1.06262
    38      16       574       558   58.6897        60  0.215964   1.06632
    39      16       590       574   58.8254        64   1.71947   1.06532
2015-02-01 05:54:06.332017min lat: 0.120541 max lat: 3.25244 avg lat: 1.06773
   sec Cur ops   started  finished  avg MB/s  cur MB/s  last lat   avg lat
    40      16       603       587   58.6547        52  0.163042   1.06773
    41      16       618       602   58.6872        60  0.487403   1.06963
    42      16       632       616    58.623        56  0.797386   1.06332
    43      16       638       622   57.8181        24   0.79648   1.05979
    44      16       648       632   57.4132        40   2.16699   1.07819
    45      16       671       655    58.181        92  0.309823    1.0765
    46      16       686       670   58.2202        60  0.206547   1.07452
    47      16       702       686   58.3429        64  0.901415    1.0759
    48      16       719       703   58.5437        68  0.291008   1.07467
    49      16       732       716   58.4099        52  0.956212   1.07356
    50      16       738       722    57.722        24   1.72228   1.07611
    51      16       750       734   57.5313        48   0.32904   1.08254
    52      16       766       750   57.6554        64  0.171487   1.09564
    53      16       779       763   57.5485        52  0.177364    1.0925
    54      16       796       780   57.7417        68  0.395709   1.09365
    55      16       814       798   58.0007        72  0.771982    1.0899
    56      16       826       810    57.822        48   1.07526   1.08876
    57      16       838       822   57.6495        48  0.209238   1.08605
    58      16       856       840   57.8966        72  0.286907   1.08925
    59      16       866       850   57.5932        40  0.272266   1.08982
2015-02-01 05:54:26.336052min lat: 0.101162 max lat: 4.19069 avg lat: 1.09451
   sec Cur ops   started  finished  avg MB/s  cur MB/s  last lat   avg lat
    60      16       880       864   57.5665        56  0.706227   1.09451
    61       9       881       872   57.1474        32   2.40367   1.09795
 Total time run:         61.702266
Total writes made:      881
Write size:             4194304
Bandwidth (MB/sec):     57.113 

Stddev Bandwidth:       16.2903
Max bandwidth (MB/sec): 92
Min bandwidth (MB/sec): 0
Average Latency:        1.11051
Stddev Latency:         0.811267
Max latency:            4.19069
Min latency:            0.101162
