 Maintaining 16 concurrent writes of 4194304 bytes for up to 60 seconds or 0 objects
 Object prefix: benchmark_data_ceph-radosbench-1_1
   sec Cur ops   started  finished  avg MB/s  cur MB/s  last lat   avg lat
     0       0         0         0         0         0         -         0
     1      16        41        25   99.9701       100  0.193933  0.335781
     2      16        67        51   101.977       104  0.250105  0.465369
     3      16        95        79   105.312       112   1.31504  0.509633
     4      16       121       105    104.98       104   1.92918  0.516319
     5      16       152       136    108.78       124   0.33147  0.536689
     6      16       179       163   108.647       108  0.306058  0.553391
     7      16       204       188    107.41       100   1.00075  0.562179
     8      16       233       217   108.482       116  0.644125  0.568304
     9      16       262       246   109.314       116  0.353899  0.557166
    10      16       290       274    109.57       112  0.722691  0.563227
    11      16       317       301   109.425       108   0.37888  0.562432
    12      16       346       330    109.97       116   0.86799  0.563647
    13      16       371       355   109.202       100   0.44887  0.560581
    14      16       401       385   109.971       120  0.263551  0.563237
    15      16       430       414   110.371       116  0.295872  0.566794
    16      16       454       438   109.472        96   1.07683  0.568937
    17      16       488       472   111.019       136  0.437424  0.567849
    18      16       511       495   109.961        92  0.706425  0.568883
    19      16       543       527   110.909       128  0.647795  0.566847
2014-12-11 01:46:35.805529min lat: 0.105622 max lat: 2.23863 avg lat: 0.558107
   sec Cur ops   started  finished  avg MB/s  cur MB/s  last lat   avg lat
    20      16       569       553   110.563       104  0.243469  0.558107
    21      16       599       583   111.011       120  0.843409   0.55446
    22      16       624       608    110.51       100  0.931133  0.559261
    23      16       654       638   110.922       120  0.156072  0.560494
    24      16       680       664   110.633       104  0.175218  0.554958
    25      16       712       696   111.327       128  0.397472  0.554286
    26      16       737       721   110.891       100  0.248905  0.546891
    27      15       763       748   110.783       108  0.501724  0.548804
    28      16       795       779   111.255       124  0.418312  0.551657
    29      16       823       807    111.28       112  0.435694  0.554792
    30      16       852       836   111.436       116  0.408615  0.556455
    31      16       878       862   111.195       104  0.283491  0.561808
    32      16       904       888   110.969       104  0.237219  0.566269
    33      16       929       913   110.636       100  0.231709  0.566544
    34      16       958       942   110.793       116  0.511247  0.568232
    35      16       986       970   110.827       112  0.226483  0.570275
    36      16      1015       999    110.97       116   0.50064  0.571329
    37      16      1041      1025   110.781       104  0.918539  0.571494
    38      16      1071      1055   111.016       120  0.221557   0.57095
    39      16      1098      1082   110.938       108  0.301668  0.571508
2014-12-11 01:46:55.811743min lat: 0.100138 max lat: 5.18579 avg lat: 0.57166
   sec Cur ops   started  finished  avg MB/s  cur MB/s  last lat   avg lat
    40      16      1127      1111   111.064       116   0.45852   0.57166
    41      15      1152      1137   110.891       104   1.23254  0.569178
    42      16      1183      1167   111.108       120  0.510943  0.569849
    43      16      1211      1195   111.128       112  0.306797  0.568128
    44      16      1238      1222   111.057       108  0.753885  0.567574
    45      16      1261      1245   110.633        92   0.21842   0.56756
    46      15      1295      1280   111.271       140  0.284619  0.572478
    47      16      1321      1305   111.031       100  0.635342    0.5716
    48      16      1348      1332   110.967       108  0.430159  0.569528
    49      16      1376      1360   110.988       112  0.361111  0.569064
    50      16      1407      1391   111.248       124   0.61776  0.572387
    51      16      1436      1420    111.34       116  0.387526  0.570443
    52      16      1461      1445   111.122       100  0.971352  0.572016
    53      16      1490      1474   111.214       116  0.215611  0.572648
    54      16      1515      1499   111.006       100  0.334708  0.572332
    55      15      1542      1527   111.023       112  0.331637  0.572262
    56      16      1569      1553   110.898       104  0.635863  0.572657
    57      16      1598      1582   110.987       116  0.272819  0.572542
    58      16      1625      1609   110.935       108  0.378566  0.572473
    59      16      1654      1638   111.021       116  0.310167  0.572384
2014-12-11 01:47:15.814966min lat: 0.095139 max lat: 5.18579 avg lat: 0.573082
   sec Cur ops   started  finished  avg MB/s  cur MB/s  last lat   avg lat
    60      16      1682      1666   111.037       112  0.620547  0.573082
 Total time run:         60.524288
Total writes made:      1683
Write size:             4194304
Bandwidth (MB/sec):     111.228 

Stddev Bandwidth:       17.2903
Max bandwidth (MB/sec): 140
Min bandwidth (MB/sec): 0
Average Latency:        0.573664
Stddev Latency:         0.532343
Max latency:            5.18579
Min latency:            0.095139
