 Maintaining 16 concurrent writes of 4194304 bytes for up to 60 seconds or 0 objects
 Object prefix: benchmark_data_ceph-radosbench-1_1
   sec Cur ops   started  finished  avg MB/s  cur MB/s  last lat   avg lat
     0       0         0         0         0         0         -         0
     1      16        33        17   67.9818        68  0.069206  0.399991
     2      16        57        41   81.9822        96   1.62852  0.606699
     3      16        81        65     86.65        96   0.42975  0.564615
     4      16        98        82   81.9856        68  0.094429  0.591188
     5      16       121       105   83.9859        92   0.09857  0.654072
     6      16       134       118   78.6538        52   1.39836  0.691568
     7      16       150       134   76.5586        64  0.070742  0.742802
     8      16       174       158   78.9868        96  0.804585  0.745224
     9      16       194       178   79.0981        80  0.399874  0.751133
    10      16       205       189   75.5875        44  0.656911  0.742977
    11      16       228       212   77.0783        92   0.15676  0.767353
    12      16       240       224   74.6546        48   2.19399  0.786572
    13      16       260       244   75.0649        80   0.55886  0.810918
    14      16       272       256   73.1312        48   1.49558  0.829235
    15      16       296       280   74.6548        96  0.792312  0.806455
    16      16       304       288   71.9886        32   1.25957  0.830049
    17      16       326       310   72.9298        88  0.178277  0.831779
    18      16       348       332   73.7663        88  0.552195  0.825923
    19      16       360       344   72.4099        48  0.204465  0.807518
2014-12-10 01:14:28.522830min lat: 0.064458 max lat: 3.66032 avg lat: 0.819723
   sec Cur ops   started  finished  avg MB/s  cur MB/s  last lat   avg lat
    20      16       385       369   73.7887       100  0.119513  0.819723
    21      16       408       392   74.6553        92  0.500857  0.833978
    22      16       425       409   74.3524        68  0.572351  0.832248
    23      16       448       432   75.1191        92  0.131417  0.818835
    24      16       460       444   73.9888        48   1.07486  0.831549
    25      16       471       455    72.789        44   3.12341  0.835566
    26      16       497       481   73.9889       104  0.413724  0.842991
    27      16       518       502   74.3592        84  0.071966  0.844093
    28      16       536       520   74.2745        72   1.00408  0.842834
    29      16       554       538   74.1958        72   1.43058   0.84654
    30      16       562       546   72.7892        32  0.826999  0.844417
    31      16       571       555   71.6014        36  0.142519  0.849642
    32      16       582       566   70.7386        44  0.069519  0.864497
    33      16       598       582   70.5342        64   0.27083  0.867677
    34      16       606       590   69.4008        32   2.21474  0.886888
    35      16       631       615   70.2747       100  0.068002  0.884311
    36      16       652       636   70.6556        84  0.065092  0.879046
    37      16       667       651   70.3674        60  0.100273  0.887654
    38      16       684       668   70.3049        68   2.80068  0.895385
    39      16       703       687   70.4507        76  0.095476   0.88738
2014-12-10 01:14:48.525944min lat: 0.06423 max lat: 4.20373 avg lat: 0.885132
   sec Cur ops   started  finished  avg MB/s  cur MB/s  last lat   avg lat
    40      16       721       705   70.4891        72  0.261597  0.885132
    41      16       731       715   69.7454        40  0.420529  0.887301
    42      16       746       730   69.5131        60  0.350848  0.892503
    43      16       753       737   68.5476        28   1.80296  0.903019
    44      16       769       753   68.4441        64   1.48122  0.919668
    45      16       790       774   68.7895        84   1.79064  0.916057
    46      16       817       801   69.6415       108  0.319784  0.908233
    47      16       834       818   69.6064        68  0.516971  0.907004
    48      16       851       835   69.5727        68  0.618422  0.906588
    49      16       861       845   68.9691        40   1.01176  0.904575
    50      16       874       858   68.6296        52   2.27581  0.912301
    51      16       885       869   68.1465        44   1.36785  0.918408
    52      16       911       895   68.8357       104  0.072958  0.909178
    53      16       926       910   68.6689        60   1.21336  0.914214
    54      16       947       931   68.9526        84   1.37348  0.916371
    55      16       971       955   69.4441        96   1.28336  0.914138
    56      16       983       967   69.0611        48  0.152465   0.90945
    57      16      1002       986   69.1826        76  0.069016  0.909761
    58      16      1024      1008   69.5068        88  0.134929  0.910842
    59      16      1044      1028   69.6845        80  0.262658  0.906101
2014-12-10 01:15:08.528726min lat: 0.06423 max lat: 4.20373 avg lat: 0.904756
   sec Cur ops   started  finished  avg MB/s  cur MB/s  last lat   avg lat
    60      16      1061      1045   69.6563        68  0.266781  0.904756
    61      14      1062      1048   68.7111        12   1.37779  0.906321
    62      11      1062      1051   67.7964        12   2.25298  0.911377
 Total time run:         62.384569
Total writes made:      1062
Write size:             4194304
Bandwidth (MB/sec):     68.094 

Stddev Bandwidth:       25.1532
Max bandwidth (MB/sec): 108
Min bandwidth (MB/sec): 0
Average Latency:        0.935988
Stddev Latency:         0.925463
Max latency:            4.63621
Min latency:            0.06423
