 Maintaining 16 concurrent writes of 4194304 bytes for up to 60 seconds or 0 objects
 Object prefix: benchmark_data_ceph-radosbench-1_1
   sec Cur ops   started  finished  avg MB/s  cur MB/s  last lat   avg lat
     0       0         0         0         0         0         -         0
     1      16        40        24   95.9721        96  0.427147  0.373341
     2      16        66        50   99.9774       104  0.175093   0.44058
     3      16        94        78   103.979       112  0.207276  0.424062
     4      16       123       107    106.98       116  0.208322  0.414936
     5      16       151       135   107.979       112  0.257306  0.422017
     6      16       174       158   105.313        92  0.198149  0.529586
     7      16       205       189    107.98       124  0.308823  0.525409
     8      16       231       215   107.481       104   0.32514  0.522737
     9      16       261       245    108.87       120  0.147002  0.514405
    10      16       289       273   109.181       112  0.248416  0.516302
    11      15       317       302   109.799       116  0.249652  0.512676
    12      16       346       330   109.982       112  0.302334  0.515283
    13      16       376       360   110.751       120  0.175112     0.509
    14      16       402       386   110.268       104   0.13007  0.517789
    15      16       428       412   109.849       104  0.365746  0.546988
    16      16       457       441   110.232       116   0.31529  0.543612
    17      16       484       468     110.1       108  0.163559  0.551538
    18      16       514       498   110.649       120  0.813591  0.560318
    19      16       542       526   110.719       112  0.337706  0.558662
2014-12-11 02:21:32.318014min lat: 0.105017 max lat: 6.17219 avg lat: 0.561729
   sec Cur ops   started  finished  avg MB/s  cur MB/s  last lat   avg lat
    20      16       568       552   110.382       104  0.414649  0.561729
    21      16       595       579   110.268       108   1.01644  0.570132
    22      16       625       609    110.71       120  0.459264  0.569924
    23      16       649       633    110.07        96  0.562399  0.570718
    24      16       678       662   110.316       116  0.882553  0.571238
    25      16       706       690   110.383       112  0.294667  0.569772
    26      16       734       718   110.444       112  0.301035  0.571207
    27      16       762       746   110.501       112  0.628018   0.56804
    28      16       789       773   110.412       108   1.12969  0.572734
    29      16       818       802   110.604       116    0.7549  0.571509
    30      16       848       832   110.916       120  0.372637  0.570743
    31      16       871       855   110.306        92  0.234272  0.573625
    32      16       899       883   110.358       112   1.28449  0.573673
    33      16       926       910   110.286       108    1.0677  0.574524
    34      16       952       936   110.101       104   0.60502  0.573395
    35      16       986       970    110.84       136  0.495761  0.573169
    36      16      1014       998   110.872       112  0.263121  0.571316
    37      16      1041      1025   110.794       108  0.458839  0.571621
    38      16      1068      1052    110.72       108   0.55844  0.573392
    39      16      1095      1079    110.65       108  0.531571  0.570869
2014-12-11 02:21:52.320819min lat: 0.101777 max lat: 6.17219 avg lat: 0.572524
   sec Cur ops   started  finished  avg MB/s  cur MB/s  last lat   avg lat
    40      16      1120      1104   110.383       100  0.629086  0.572524
    41      16      1152      1136   110.813       128  0.381473  0.572289
    42      16      1179      1163   110.745       108  0.236404   0.57127
    43      16      1207      1191   110.774       112   1.34674  0.572362
    44      16      1235      1219   110.802       112  0.670053  0.573035
    45      16      1265      1249   111.006       120  0.248588  0.570192
    46      16      1290      1274   110.766       100  0.835375  0.574433
    47      16      1316      1300   110.622       104  0.349239  0.573164
    48      16      1345      1329   110.734       116  0.840493  0.573085
    49      16      1374      1358   110.841       116  0.375488  0.572859
    50      16      1403      1387   110.943       116   1.22453  0.572868
    51      16      1430      1414   110.885       108  0.804921  0.572767
    52      16      1458      1442   110.907       112   0.50983  0.573122
    53      16      1486      1470   110.927       112  0.735434  0.573329
    54      16      1514      1498   110.947       112  0.388857  0.573053
    55      16      1543      1527   111.038       116  0.292583   0.57307
    56      16      1572      1556   111.126       116  0.448557  0.572384
    57      16      1592      1576    110.58        80  0.773493  0.573376
    58      16      1628      1612   111.156       144  0.389765   0.57278
    59      16      1654      1638   111.034       104  0.182442  0.570248
2014-12-11 02:22:12.323711min lat: 0.101777 max lat: 6.17219 avg lat: 0.568041
   sec Cur ops   started  finished  avg MB/s  cur MB/s  last lat   avg lat
    60      16      1681      1665   110.984       108  0.219612  0.568041
 Total time run:         60.591959
Total writes made:      1682
Write size:             4194304
Bandwidth (MB/sec):     111.038 

Stddev Bandwidth:       17.2719
Max bandwidth (MB/sec): 144
Min bandwidth (MB/sec): 0
Average Latency:        0.575997
Stddev Latency:         0.579671
Max latency:            6.17219
Min latency:            0.101777
