 Maintaining 16 concurrent writes of 4194304 bytes for up to 60 seconds or 0 objects
 Object prefix: benchmark_data_ceph-radosbench-1_1
   sec Cur ops   started  finished  avg MB/s  cur MB/s  last lat   avg lat
     0       0         0         0         0         0         -         0
     1      16        34        18   71.9756        72  0.637817  0.494431
     2      16        54        38   75.9805        80  0.098064  0.518554
     3      16        73        57   75.9835        76  0.800283  0.665149
     4      16        88        72   71.9859        60   1.26196  0.701475
     5      16       104        88   70.3869        64  0.409036  0.773613
     6      16       121       105   69.9875        68  0.395848   0.79862
     7      16       137       121    69.131        64  0.786572  0.801279
     8      16       149       133   66.4885        48  0.300379  0.837641
     9      16       157       141   62.6559        32  0.086554  0.818334
    10      16       162       146   58.3903        20   1.34884  0.890218
    11      16       182       166   60.3539        80  0.073606  0.957046
    12      16       197       181   60.3237        60  0.068779  0.955363
    13      16       212       196   60.2981        60  0.256584  0.968242
    14      16       226       210   59.9906        56  0.333079  0.959748
    15      16       243       227    60.524        68   3.14711  0.997414
    16      16       246       230   57.4912        12  0.069642  0.992848
    17      16       252       236    55.521        24  0.731934  0.987048
    18      16       259       243   53.9918        28  0.462124     1.023
    19      16       275       259   54.5181        64   0.20164   1.07597
2014-12-09 23:10:54.589446min lat: 0.066483 max lat: 5.25974 avg lat: 1.10238
   sec Cur ops   started  finished  avg MB/s  cur MB/s  last lat   avg lat
    20      16       294       278   55.5918        76  0.456146   1.10238
    21      16       311       295   56.1821        68  0.487665   1.09941
    22      16       321       305   55.4463        40  0.067449   1.09407
    23      16       340       324   56.3395        76  0.068833   1.10322
    24      16       359       343   57.1583        76  0.261031   1.06093
    25      16       363       347   55.5119        16   1.00328   1.05284
    26      16       369       353   54.2998        24  0.316422    1.0732
    27      16       377       361   53.4737        32  0.067846   1.05438
    28      16       397       381   54.4206        80  0.085164   1.11601
    29      16       409       393    54.199        48  0.068027   1.13564
    30      16       430       414    55.192        84  0.315697   1.13893
    31      16       446       430   55.4758        64  0.445696   1.12875
    32      16       462       446   55.7419        64  0.066942   1.12152
    33      16       481       465   56.3555        76  0.698935   1.11336
    34      16       494       478   56.2271        52  0.066766   1.09911
    35      16       504       488   55.7633        40  0.078986   1.10583
    36      15       523       508   56.4363        80   2.38808   1.11411
    37      16       541       525   56.7485        68   1.42956   1.10572
    38      16       560       544   57.2549        76  0.103695   1.09471
    39      16       587       571   58.5556       108  0.210596   1.07885
2014-12-09 23:11:14.592246min lat: 0.06542 max lat: 5.25974 avg lat: 1.06852
   sec Cur ops   started  finished  avg MB/s  cur MB/s  last lat   avg lat
    40      16       603       587   58.6915        64  0.068087   1.06852
    41      16       612       596   58.1379        36  0.244984   1.06448
    42      16       619       603   57.4203        28   2.79681   1.07874
    43      16       625       609   56.6426        24  0.984825   1.08617
    44      16       645       629   57.1732        80  0.327018    1.1009
    45      16       667       651   57.8579        88  0.285267   1.08831
    46      16       681       665   57.8174        56  0.067085   1.08294
    47      16       693       677   57.6084        48  0.091748   1.08078
    48      16       714       698   58.1579        84  0.065646    1.0779
    49      16       719       703   57.3792        20   1.35233   1.07821
    50      16       734       718   57.4314        60  0.218809    1.0657
    51      16       746       730   57.2464        48  0.264352   1.06709
    52      16       761       745   57.2992        60  0.085877   1.08625
    53      16       777       761   57.4254        64  0.085212   1.09315
    54      16       792       776    57.473        60  0.377247   1.08973
    55      16       808       792   57.5915        64  0.199708   1.09667
    56      16       828       812   57.9914        80  0.260069   1.08793
    57      16       844       828   58.0967        64   1.54978   1.08675
    58      16       851       835   57.5777        28  0.072042   1.08792
    59      15       867       852   57.7542        68  0.068939   1.08879
2014-12-09 23:11:34.595334min lat: 0.064622 max lat: 5.25974 avg lat: 1.09326
   sec Cur ops   started  finished  avg MB/s  cur MB/s  last lat   avg lat
    60      16       884       868   57.8581        64  0.204743   1.09326
    61      15       885       870   57.0408         8  0.253293   1.09248
 Total time run:         61.407893
Total writes made:      885
Write size:             4194304
Bandwidth (MB/sec):     57.647 

Stddev Bandwidth:       22.9722
Max bandwidth (MB/sec): 108
Min bandwidth (MB/sec): 0
Average Latency:        1.10896
Stddev Latency:         1.15891
Max latency:            5.25974
Min latency:            0.064622
