 Maintaining 16 concurrent writes of 4194304 bytes for up to 60 seconds or 0 objects
 Object prefix: benchmark_data_ceph-radosbench-1_1
   sec Cur ops   started  finished  avg MB/s  cur MB/s  last lat   avg lat
     0       0         0         0         0         0         -         0
     1      15        38        23   91.9738        92  0.208966  0.415275
     2      16        63        47   93.9652        96  0.335117  0.445513
     3      16        90        74   98.6365       108  0.118745  0.434848
     4      16       111        95   94.9731        84  0.191845  0.397361
     5      16       118       102    81.578        28  0.182235  0.382798
     6      16       118       102   67.9823         0         -  0.382798
     7      16       118       102   58.2713         0         -  0.382798
     8      16       126       110    54.987   10.6667   6.28107  0.678695
     9      16       156       140   62.2079       120  0.192374  0.787206
    10      16       186       170   67.9846       120  0.453087  0.900898
    11      16       215       199   72.3473       116  0.549931  0.859375
    12      16       245       229    76.316       120   0.22504    0.8145
    13      16       269       253   77.8286        96   0.81117  0.791574
    14      16       292       276   78.8395        92  0.204057  0.775365
    15      16       325       309   82.3817       132  0.526096  0.760875
    16      16       354       338   84.4815       116  0.703676  0.743216
    17      16       381       365   85.8634       108  0.602464  0.732085
    18      16       410       394   87.5362       116  0.322886  0.715711
    19      16       436       420   88.4017       104  0.551082  0.707897
2015-02-01 03:39:41.334223min lat: 0.109325 max lat: 7.60459 avg lat: 0.70097
   sec Cur ops   started  finished  avg MB/s  cur MB/s  last lat   avg lat
    20      16       466       450   89.9804       120  0.447816   0.70097
    21      16       493       477   90.8374       108  0.911816  0.692072
    22      16       518       502    91.253       100  0.257611  0.688413
    23      16       546       530    92.154       112  0.504896  0.683698
    24      16       575       559   93.1464       116  0.392056  0.676501
    25      16       599       583   93.2596        96  0.345211  0.673523
    26      16       633       617   94.9024       136   1.45963  0.667581
    27      16       661       645   95.5347       112  0.622013  0.662237
    28      16       687       671   95.8364       104   0.47126  0.657339
    29      16       717       701   96.6687       120  0.445514  0.654367
    30      16       742       726   96.7791       100  0.286243  0.649591
    31      16       772       756   97.5274       120  0.536257   0.64895
    32      16       803       787   98.3539       124  0.334457  0.645088
    33      16       830       814   98.6455       108  0.410241  0.642196
    34      16       856       840   98.8024       104   1.14177  0.641048
    35      16       884       868   99.1788       112  0.558903   0.63894
    36      16       914       898   99.7566       120  0.911001  0.635091
    37      16       940       924   99.8707       104   0.45245  0.633985
    38      16       972       956    100.61       128  0.271551  0.630137
    39      16       992       976   100.081        80   1.46116  0.629727
2015-02-01 03:40:01.338313min lat: 0.109325 max lat: 7.60459 avg lat: 0.630522
   sec Cur ops   started  finished  avg MB/s  cur MB/s  last lat   avg lat
    40      16      1021      1005   100.479       116  0.283929  0.630522
    41      16      1050      1034   100.857       116  0.331585  0.627307
    42      16      1080      1064   101.312       120  0.375248  0.625159
    43      16      1108      1092    101.56       112  0.397528   0.62439
    44      16      1139      1123   102.069       124  0.576713  0.623299
    45      16      1165      1149   102.112       104   0.67414    0.6225
    46      16      1192      1176   102.239       108  0.269037  0.622486
    47      16      1221      1205   102.531       116   0.40077  0.619333
    48      16      1247      1231   102.561       104  0.609125  0.617167
    49      16      1276      1260   102.835       116  0.538704  0.617523
    50      16      1306      1290   103.178       120  0.424827  0.614774
    51      16      1331      1315   103.115       100  0.801587  0.615783
    52      16      1360      1344   103.363       116  0.764636  0.615559
    53      16      1389      1373   103.601       116  0.927411  0.614146
    54      16      1416      1400   103.682       108  0.501317  0.612458
    55      16      1447      1431   104.051       124   0.32816  0.611799
    56      16      1475      1459   104.192       112   1.01488   0.60934
    57      16      1500      1484   104.118       100  0.285079  0.610201
    58      16      1526      1510   104.116       104  0.273247   0.61083
    59      16      1558      1542    104.52       128  0.229305  0.608508
2015-02-01 03:40:21.342596min lat: 0.109325 max lat: 7.60459 avg lat: 0.608904
   sec Cur ops   started  finished  avg MB/s  cur MB/s  last lat   avg lat
    60      16      1585      1569   104.578       108  0.463699  0.608904
 Total time run:         60.712490
Total writes made:      1586
Write size:             4194304
Bandwidth (MB/sec):     104.493 

Stddev Bandwidth:       30.7301
Max bandwidth (MB/sec): 136
Min bandwidth (MB/sec): 0
Average Latency:        0.610508
Stddev Latency:         0.646559
Max latency:            7.60459
Min latency:            0.109325
