 Maintaining 16 concurrent writes of 4194304 bytes for up to 60 seconds or 0 objects
 Object prefix: benchmark_data_ceph-radosbench-1_1
   sec Cur ops   started  finished  avg MB/s  cur MB/s  last lat   avg lat
     0       0         0         0         0         0         -         0
     1      16        37        21   83.9713        84  0.166756  0.395566
     2      16        67        51   101.974       120  0.329986  0.498785
     3      16        90        74   98.6451        92  0.140797  0.546643
     4      16       118       102    101.98       112  0.242156  0.543857
     5      16       145       129    103.18       108  0.168595  0.558327
     6      16       164       148   98.6485        76  0.522395  0.551884
     7      16       179       163   93.1263        60  0.095555  0.588362
     8      16       185       169   84.4854        24  0.100388  0.577139
     9      16       195       179   79.5419        40   2.88933  0.662309
    10      16       214       198   79.1865        76   0.14703  0.665268
    11      16       243       227   82.5314       116  0.189401  0.689611
    12      16       264       248   82.6527        84  0.571455  0.717722
    13      16       281       265   81.5248        68  0.172992  0.718728
    14      16       304       288    82.272        92  0.297554  0.726069
    15      16       311       295   78.6538        28  0.159877  0.733528
    16      16       319       303   75.7378        32  0.095958  0.747973
    17      16       327       311    73.165        32  0.093528  0.731159
    18      16       327       311   69.1005         0         -  0.731159
    19      16       327       311   65.4638         0         -  0.731159
2014-12-11 00:14:20.615680min lat: 0.093422 max lat: 6.76281 avg lat: 0.780113
   sec Cur ops   started  finished  avg MB/s  cur MB/s  last lat   avg lat
    20      16       333       317   63.3906         8  0.099418  0.780113
    21      16       333       317    60.372         0         -  0.780113
    22      16       344       328   59.6277        22  0.093788  0.828553
    23      16       356       340   59.1219        48  0.155273  0.950868
    24      16       373       357   59.4915        68   4.22844   1.02118
    25      16       385       369   59.0315        48   0.12372   1.01925
    26      16       407       391   60.1452        88  0.098961   1.02159
    27      16       430       414   61.3245        92   0.19872  0.995815
    28      16       450       434    61.991        80   0.15185  0.983417
    29      16       461       445   61.3705        44  0.093849  0.967427
    30      16       481       465   61.9912        80  0.103017  0.955509
    31      16       489       473   61.0235        32  0.153327  0.973513
    32      16       500       484   60.4913        44   5.60397   0.97984
    33      16       511       495   59.9914        44  0.094922  0.999493
    34      16       529       513   60.3443        72  0.174149   1.01939
    35      16       550       534   61.0198        84  0.129615   1.01805
    36      16       569       553   61.4356        76  0.114456   1.00279
    37      16       587       571   61.7208        72  0.159047   1.00295
    38      16       611       595   62.6226        96  0.158826  0.983601
    39      16       629       613   62.8628        72  0.162594  0.957948
2014-12-11 00:14:40.618372min lat: 0.093276 max lat: 8.91343 avg lat: 0.96422
   sec Cur ops   started  finished  avg MB/s  cur MB/s  last lat   avg lat
    40      16       640       624   62.3912        44  0.111668   0.96422
    41      16       643       627   61.1621        12  0.093921  0.960852
    42      16       643       627   59.7059         0         -  0.960852
    43      16       655       639   59.4336        24  0.208067  0.976386
    44      16       659       643   58.4465        16  0.095559  0.971068
    45      16       674       658   58.4808        60  0.093547   1.01869
    46      16       698       682   59.2963        96  0.158195   1.01789
    47      16       720       704   59.9067        88  0.134281   1.02044
    48      16       743       727    60.575        92  0.119956   1.01551
    49      16       775       759   61.9508       128  0.237396    1.0158
    50      15       802       787   62.9514       112  0.348068   1.00312
    51      16       819       803   62.9719        64  0.170624  0.992693
    52      16       835       819   62.9915        64   3.25173  0.990556
    53      16       847       831   62.7086        48  0.094439  0.978447
    54      16       860       844   62.5102        52  0.598582  0.991904
    55      16       877       861   62.6099        68  0.103939   1.00122
    56      16       899       883   63.0631        88  0.160361  0.996998
    57      16       914       898   63.0092        60  0.518932  0.993126
    58      16       945       929   64.0606       124  0.217461  0.985113
    59      15       969       954   64.6695       100  0.124673   0.97263
2014-12-11 00:15:00.620601min lat: 0.093276 max lat: 8.91343 avg lat: 0.963215
   sec Cur ops   started  finished  avg MB/s  cur MB/s  last lat   avg lat
    60      16       983       967   64.4582        52  0.102202  0.963215
    61      15       984       969   63.5326         8   3.60633  0.965078
    62      15       984       969   62.5079         0         -  0.965078
    63      15       984       969   61.5157         0         -  0.965078
    64      15       984       969   60.5546         0         -  0.965078
 Total time run:         64.822477
Total writes made:      984
Write size:             4194304
Bandwidth (MB/sec):     60.720 

Stddev Bandwidth:       36.5484
Max bandwidth (MB/sec): 128
Min bandwidth (MB/sec): 0
Average Latency:        1.04851
Stddev Latency:         1.80193
Max latency:            8.91343
Min latency:            0.093276
