 Maintaining 16 concurrent writes of 4194304 bytes for up to 60 seconds or 0 objects
 Object prefix: benchmark_data_ceph-radosbench-1_1
   sec Cur ops   started  finished  avg MB/s  cur MB/s  last lat   avg lat
     0       0         0         0         0         0         -         0
     1      16        40        24   95.9659        96  0.173065  0.377316
     2      16        67        51   101.974       108  0.355709  0.463417
     3      16        90        74    98.645        92  0.093949  0.408088
     4      16       104        88   87.9822        56   1.36039  0.472676
     5      16       134       118   94.3821       120  0.256064  0.594835
     6      16       157       141    93.983        92  0.570601  0.631235
     7      16       183       167   95.4119       104  0.874134  0.624051
     8      16       209       193   96.4837       104  0.276616  0.594812
     9      16       239       223   99.0941       120  0.388241   0.60633
    10      16       271       255   101.983       128  0.813963  0.601999
    11      16       302       286   103.983       124   0.25311  0.587328
    12      16       325       309   102.983        92   0.20132  0.593663
    13      16       357       341   104.906       128  0.285565   0.58946
    14      16       382       366   104.554       100   1.84694  0.596264
    15      16       409       393   104.783       108  0.212374  0.592936
    16      16       436       420   104.983       108  0.334797  0.595517
    17      16       466       450   105.865       120  0.413819  0.592456
    18      16       498       482   107.094       128   0.39198  0.591217
    19      16       521       505   106.299        92  0.398983  0.588386
2014-12-11 01:15:25.774495min lat: 0.093949 max lat: 3.27683 avg lat: 0.590254
   sec Cur ops   started  finished  avg MB/s  cur MB/s  last lat   avg lat
    20      16       548       532   106.383       108  0.770105  0.590254
    21      16       581       565   107.602       132  0.397018  0.586858
    22      16       603       587    106.71        88  0.339988  0.584465
    23      16       630       614   106.766       108  0.681587  0.582743
    24      16       660       644   107.317       120  0.351039  0.584299
    25      16       691       675   107.983       124  0.485781  0.584317
    26      16       720       704   108.291       116   0.40264  0.583355
    27      16       749       733   108.576       116   0.42865  0.582857
    28      16       777       761   108.698       112  0.570114  0.581968
    29      16       798       782   107.846        84  0.973009  0.580271
    30      16       831       815    108.65       132  0.233672  0.578033
    31      16       860       844   108.886       116  0.503262  0.579669
    32      16       886       870   108.733       104  0.362899  0.578994
    33      16       918       902   109.317       128  0.954732  0.579544
    34      16       944       928    109.16       104  0.337476  0.579889
    35      16       972       956   109.241       112  0.239228  0.578111
    36      16      1001       985   109.428       116  0.381023  0.575417
    37      16      1019      1003   108.416        72  0.150112  0.573301
    38      16      1053      1037   109.141       136  0.225697  0.577268
    39      16      1085      1069   109.625       128  0.561325  0.577661
2014-12-11 01:15:45.777333min lat: 0.093949 max lat: 3.27683 avg lat: 0.578835
   sec Cur ops   started  finished  avg MB/s  cur MB/s  last lat   avg lat
    40      16      1111      1095   109.484       104  0.733758  0.578835
    41      16      1139      1123   109.544       112  0.792685  0.579895
    42      16      1168      1152   109.698       116  0.477659  0.577672
    43      16      1190      1174   109.193        88   0.16878  0.580899
    44      16      1217      1201   109.166       108  0.440208  0.578252
    45      16      1243      1227    109.05       104   0.63866  0.581202
    46      16      1275      1259   109.462       128  0.436841  0.580621
    47      16      1305      1289   109.686       120  0.277082  0.581745
    48      16      1329      1313     109.4        96  0.823708  0.580565
    49      15      1358      1343   109.616       120  0.573776  0.580231
    50      16      1385      1369   109.504       104  0.181598  0.578499
    51      16      1404      1388   108.846        76  0.213442  0.579308
    52      16      1429      1413   108.676       100  0.253549  0.575204
    53      16      1464      1448   109.267       140     0.265  0.578265
    54      16      1492      1476   109.317       112  0.254408  0.581162
    55      16      1519      1503   109.293       108    0.2954  0.579752
    56      16      1546      1530   109.269       108  0.392785  0.579717
    57      16      1576      1560   109.457       120  0.944796  0.580126
    58      16      1605      1589    109.57       116  0.409329  0.580715
    59      16      1631      1615   109.475       104  0.247723  0.578414
2014-12-11 01:16:05.780302min lat: 0.093949 max lat: 3.27683 avg lat: 0.576493
   sec Cur ops   started  finished  avg MB/s  cur MB/s  last lat   avg lat
    60      16      1654      1638   109.184        92  0.120373  0.576493
    61      16      1655      1639   107.459         4  0.163896  0.576241
 Total time run:         61.468778
Total writes made:      1655
Write size:             4194304
Bandwidth (MB/sec):     107.697 

Stddev Bandwidth:       24.8655
Max bandwidth (MB/sec): 140
Min bandwidth (MB/sec): 0
Average Latency:        0.594166
Stddev Latency:         0.52302
Max latency:            3.88493
Min latency:            0.093949
