 Maintaining 16 concurrent writes of 4194304 bytes for up to 60 seconds or 0 objects
 Object prefix: benchmark_data_ceph-radosbench-1_1
   sec Cur ops   started  finished  avg MB/s  cur MB/s  last lat   avg lat
     0       0         0         0         0         0         -         0
     1      16        32        16    63.978        64   0.92398  0.511232
     2      16        59        43   85.9786       108   0.44501  0.634935
     3      16        74        58   77.3166        60   1.00489  0.650619
     4      16        94        78   77.9846        80  0.260141  0.684705
     5      16       109        93   74.3859        60   1.84077  0.748698
     6      16       120       104   69.3209        44  0.260142  0.743665
     7      16       129       113   64.5603        36    0.2583   0.76143
     8      16       140       124   61.9894        44   0.07384  0.832841
     9      16       148       132   58.6568        32  0.392944  0.811847
    10      16       161       145   57.9905        52  0.286736  0.937771
    11      16       184       168   61.0811        92   2.84576  0.990432
    12      16       199       183   60.9903        60  0.264688  0.966959
    13      16       216       200   61.5288        68  0.498563  0.963836
    14      16       230       214   61.1333        56  0.407474  0.988313
    15      16       244       228   60.7906        56  0.410997  0.971727
    16      16       250       234    58.491        24  0.066849  0.955947
    17      16       252       236   55.5209         8  0.260358  0.951494
    18      16       252       236   52.4366         0         -  0.951494
    19      16       261       245   51.5714        18    5.5121   1.05967
2014-12-09 23:07:30.321260min lat: 0.06628 max lat: 6.17455 avg lat: 1.13272
   sec Cur ops   started  finished  avg MB/s  cur MB/s  last lat   avg lat
    20      16       276       260   51.9924        60  0.255858   1.13272
    21      16       302       286   54.4683       104  0.702943   1.14171
    22      16       316       300   54.5376        56   1.69572   1.13613
    23      16       330       314   54.6008        56    1.8731   1.12869
    24      16       353       337   56.1586        92   0.49315    1.1059
    25      16       364       348    55.672        44  0.258975   1.08353
    26      16       372       356   54.7614        32   3.17645   1.09831
    27      16       382       366   54.2144        40  0.258698   1.07496
    28      16       386       370   52.8496        16  0.800319   1.06853
    29      16       403       387   53.3717        68   1.35147   1.11164
    30      16       424       408   54.3923        84  0.285132   1.14098
    31      16       440       424   54.7019        64  0.721959    1.1427
    32      16       458       442   55.2422        72   1.11169   1.13543
    33      16       481       465   56.3556        92   1.13753   1.12191
    34      16       500       484   56.9331        76  0.217919   1.10328
    35      16       509       493   56.3349        36  0.068535   1.09646
    36      16       527       511   56.7697        72  0.068685   1.08527
    37      16       538       522   56.4245        44  0.395509   1.07235
    38      16       546       530   55.7816        32  0.075737   1.09382
    39      16       575       559   57.3214       116  0.690261   1.10552
2014-12-09 23:07:50.326638min lat: 0.065261 max lat: 6.17455 avg lat: 1.08599
   sec Cur ops   started  finished  avg MB/s  cur MB/s  last lat   avg lat
    40      16       594       578    57.788        76  0.250624   1.08599
    41      16       604       588    57.354        40   0.25909   1.08522
    42      16       620       604   57.5121        64  0.319266    1.0871
    43      16       638       622   57.8487        72  0.069362   1.08822
    44      16       644       628   57.0794        24  0.065579    1.0894
    45      16       653       637   56.6109        36  0.199981   1.08623
    46      16       660       644   55.9889        28  0.260712   1.07917
    47      16       669       653   55.5635        36  0.350492   1.08823
    48      16       687       671   55.9057        72   4.40408   1.12294
    49      16       710       694    56.642        92   2.40054    1.1181
    50      16       720       704   56.3091        40   0.06617   1.11371
    51      16       742       726   56.9302        88  0.237407   1.10897
    52      16       762       746   57.3736        80  0.068965   1.10379
    53      16       771       755   56.9702        36  0.271785   1.09929
    54      16       776       760   56.2856        20  0.067294   1.09904
    55      16       790       774   56.2802        56  0.397913   1.09069
    56      16       798       782   55.8466        32  0.284008   1.09936
    57      16       818       802   56.2701        80   4.56883   1.11399
    58      16       841       825   56.8859        92   0.07779   1.11703
    59      16       857       841   57.0063        64  0.463793   1.10936
2014-12-09 23:08:10.329491min lat: 0.06459 max lat: 6.17455 avg lat: 1.10515
   sec Cur ops   started  finished  avg MB/s  cur MB/s  last lat   avg lat
    60      16       869       853   56.8561        48  0.072671   1.10515
    61      15       869       854   55.9896         4  0.974794     1.105
 Total time run:         61.408699
Total writes made:      869
Write size:             4194304
Bandwidth (MB/sec):     56.604 

Stddev Bandwidth:       27.2053
Max bandwidth (MB/sec): 116
Min bandwidth (MB/sec): 0
Average Latency:        1.12897
Stddev Latency:         1.28361
Max latency:            6.17455
Min latency:            0.06459
