 Maintaining 16 concurrent writes of 4194304 bytes for up to 60 seconds or 0 objects
 Object prefix: benchmark_data_ceph-radosbench-1_1
   sec Cur ops   started  finished  avg MB/s  cur MB/s  last lat   avg lat
     0       0         0         0         0         0         -         0
     1      16        35        19   75.9745        76  0.246088  0.416075
     2      16        52        36   71.9822        68  0.542021  0.626275
     3      16        84        68   90.6473       128  0.295104  0.625856
     4      16       106        90   89.9822        88  0.423012  0.644605
     5      16       131       115   91.9837       100  0.421328  0.647843
     6      16       146       130   86.6513        60  0.180675  0.647678
     7      16       165       149   85.1279        76  0.455191  0.658528
     8      16       172       156   77.9871        28   0.15654  0.652243
     9      16       184       168   74.6543        48  0.126372  0.759942
    10      16       210       194   77.5874       104  0.664053  0.798897
    11      16       238       222   80.7144       112  0.711689  0.769105
    12      16       250       234   77.9876        48  0.869853  0.761975
    13      16       262       246   75.6804        48  0.493756  0.767161
    14      16       284       268   76.5597        88  0.600716     0.817
    15      16       299       283   75.4552        60  0.506494  0.804271
    16      16       317       301   75.2386        72  0.240048  0.818897
    17      16       344       328   77.1648       108  0.432085  0.811185
    18      16       368       352   78.2106        96  0.763162  0.801293
    19      16       393       377   79.3566       100  0.408085  0.788966
2014-12-10 23:55:27.758647min lat: 0.095534 max lat: 3.47955 avg lat: 0.786398
   sec Cur ops   started  finished  avg MB/s  cur MB/s  last lat   avg lat
    20      16       404       388   77.5886        44  0.618936  0.786398
    21      16       423       407   77.5125        76  0.234898  0.806636
    22      16       439       423   76.8981        64   1.36739  0.812782
    23      16       462       446   77.5541        92   1.16951   0.80868
    24      16       490       474   78.9887       112  0.489152  0.796185
    25      16       516       500   79.9885       104  0.266344   0.79007
    26      16       532       516   79.3732        64   0.81412  0.788809
    27      16       550       534   79.0996        72  0.285462  0.787315
    28      16       566       550     78.56        64  0.596078  0.793516
    29      16       581       565   77.9196        60   1.18546  0.802239
    30      16       594       578   77.0555        52  0.773799  0.800035
    31      16       606       590    76.118        48  0.096816  0.805643
    32      16       635       619   77.3638       116   1.20372  0.818963
    33      16       652       636   77.0797        68  0.590714  0.816754
    34      16       675       659   77.5182        92  0.160284  0.810121
    35      16       690       674   77.0175        60  0.308594  0.806628
    36      16       715       699   77.6556       100  0.505782  0.812872
    37      16       731       715   77.2863        64  0.186003  0.812279
    38      16       742       726   76.4102        44  0.098257  0.812839
    39      16       752       736   75.4765        40  0.119011  0.816546
2014-12-10 23:55:47.761353min lat: 0.093738 max lat: 3.47955 avg lat: 0.829104
   sec Cur ops   started  finished  avg MB/s  cur MB/s  last lat   avg lat
    40      16       782       766   76.5892       120  0.822241  0.829104
    41      16       800       784   76.4769        72    0.4042  0.824561
    42      16       805       789   75.1321        20  0.220795  0.825092
    43      16       830       814   75.7101       100  0.346798  0.833456
    44      16       853       837     76.08        92   1.17508  0.832331
    45      16       866       850   75.5447        52  0.437212  0.834203
    46      16       882       866   75.2936        64  0.307376  0.836489
    47      16       910       894   76.0742       112    1.2189  0.833309
    48      16       927       911   75.9058        68   0.30946  0.825183
    49      16       936       920   75.0913        36  0.109239  0.827448
    50      16       960       944   75.5092        96   1.89873  0.839653
    51      16       971       955   74.8912        44   1.18189  0.841651
    52      16       997       981   75.4507       104    0.8193  0.842581
    53      16      1023      1007   75.9891       104  0.534821  0.834946
    54      16      1052      1036   76.7298       116  0.547744  0.829814
    55      16      1071      1055   76.7163        76  0.234732  0.824385
    56      16      1077      1061   75.7748        24   2.19528  0.826345
    57      16      1091      1075   75.4278        56   2.40592  0.836572
    58      16      1109      1093   75.3685        72   1.00189  0.840434
    59      16      1137      1121   75.9891       112  0.520359  0.835567
2014-12-10 23:56:07.764243min lat: 0.09345 max lat: 3.47955 avg lat: 0.833337
   sec Cur ops   started  finished  avg MB/s  cur MB/s  last lat   avg lat
    60      16      1160      1144   76.2558        92  0.810317  0.833337
 Total time run:         60.748730
Total writes made:      1161
Write size:             4194304
Bandwidth (MB/sec):     76.446 

Stddev Bandwidth:       28.3187
Max bandwidth (MB/sec): 128
Min bandwidth (MB/sec): 0
Average Latency:        0.836265
Stddev Latency:         0.650937
Max latency:            3.47955
Min latency:            0.09345
