 Maintaining 16 concurrent writes of 4194304 bytes for up to 60 seconds or 0 objects
 Object prefix: benchmark_data_ceph-radosbench-1_1
   sec Cur ops   started  finished  avg MB/s  cur MB/s  last lat   avg lat
     0       0         0         0         0         0         -         0
     1      16        38        22   87.9736        88   0.18902  0.334808
     2      16        67        51   101.976       116   1.97442  0.467717
     3      16        91        75   99.9788        96  0.908126  0.527724
     4      16       117       101    100.98       104  0.308522  0.518866
     5      16       149       133   106.379       128  0.177845  0.532636
     6      16       178       162   107.979       116  0.372588  0.545952
     7      16       205       189    107.98       108   0.16207  0.542598
     8      16       234       218    108.98       116  0.226202   0.54191
     9      16       262       246   109.314       112    0.5009  0.549856
    10      16       289       273   109.181       108  0.434535   0.56235
    11      16       311       295   107.255        88  0.351233  0.558015
    12      16       342       326   108.649       124  0.942208  0.567959
    13      16       375       359   110.443       132  0.486804   0.56658
    14      16       404       388   110.839       116   0.95732   0.56482
    15      16       429       413   110.116       100  0.637928  0.566585
    16      15       460       445   111.232       128   0.41701   0.56542
    17      16       485       469   110.335        96  0.264897  0.564072
    18      16       511       495   109.983       104  0.284063  0.569604
    19      16       537       521   109.667       104  0.430871  0.565475
2014-12-11 01:30:18.758995min lat: 0.103898 max lat: 2.59022 avg lat: 0.567255
   sec Cur ops   started  finished  avg MB/s  cur MB/s  last lat   avg lat
    20      16       567       551   110.183       120  0.442251  0.567255
    21      16       597       581   110.649       120  0.546387  0.568731
    22      16       623       607   110.346       104  0.309352  0.568328
    23      16       652       636   110.592       116  0.738054   0.56942
    24      16       682       666   110.983       120   1.08329  0.570045
    25      16       704       688   110.063        88  0.306787  0.566883
    26      16       730       714   109.829       104  0.399893  0.558873
    27      16       760       744   110.205       120  0.125714  0.562136
    28      16       789       773   110.412       116  0.282128  0.568047
    29      15       820       805   111.018       128   1.65932  0.570878
    30      16       847       831   110.783       104  0.347976  0.568016
    31      16       873       857   110.564       104  0.286738  0.566121
    32      16       902       886   110.733       116  0.252937  0.567037
    33      16       931       915   110.892       116  0.288885  0.567555
    34      16       957       941   110.689       104  0.605511  0.564457
    35      16       985       969   110.726       112   0.14816  0.561171
    36      15      1012       997   110.761       112  0.239938  0.554024
    37      16      1043      1027    111.01       120  0.212823  0.567926
    38      15      1074      1059   111.457       128  0.339417  0.570629
    39      16      1101      1085   111.265       104   1.18405  0.568615
2014-12-11 01:30:38.761884min lat: 0.103898 max lat: 4.25031 avg lat: 0.568557
   sec Cur ops   started  finished  avg MB/s  cur MB/s  last lat   avg lat
    40      16      1128      1112   111.183       108  0.491781  0.568557
    41      16      1159      1143   111.495       124   0.58806  0.570102
    42      16      1186      1170   111.412       108  0.455392  0.570053
    43      16      1211      1195   111.146       100  0.403428  0.568123
    44      16      1238      1222   111.074       108  0.551937  0.567027
    45      16      1265      1249   111.006       108  0.440852  0.570681
    46      16      1299      1283   111.548       136  0.399639    0.5705
    47      16      1325      1309   111.388       104   0.31778  0.569115
    48      16      1350      1334    111.15       100  0.358358  0.569125
    49      16      1379      1363   111.249       116  0.874798  0.570114
    50      16      1405      1389   111.103       104   0.12449  0.569057
    51      16      1428      1412   110.729        92  0.454875  0.567602
    52      16      1461      1445   111.137       132   0.20054  0.570281
    53      16      1493      1477   111.455       128  0.386893  0.571044
    54      16      1518      1502   111.243       100  0.556261  0.570823
    55      16      1546      1530   111.256       112  0.370306  0.571302
    56      16      1571      1555   111.055       100  0.264831  0.571651
    57      16      1606      1590   111.563       140  0.225532  0.569763
    58      15      1628      1613   111.225        92   0.35205  0.568684
    59      16      1658      1642   111.306       116   0.38138  0.568181
2014-12-11 01:30:58.764669min lat: 0.103898 max lat: 4.25031 avg lat: 0.565978
   sec Cur ops   started  finished  avg MB/s  cur MB/s  last lat   avg lat
    60      16      1682      1666    111.05        96  0.132465  0.565978
    61       6      1683      1677   109.951        44  0.994371  0.573119
 Total time run:         61.969849
Total writes made:      1683
Write size:             4194304
Bandwidth (MB/sec):     108.633 

Stddev Bandwidth:       20.363
Max bandwidth (MB/sec): 140
Min bandwidth (MB/sec): 0
Average Latency:        0.581784
Stddev Latency:         0.557895
Max latency:            4.70621
Min latency:            0.103898
