 Maintaining 16 concurrent writes of 4194304 bytes for up to 60 seconds or 0 objects
 Object prefix: benchmark_data_ceph-radosbench-1_1
   sec Cur ops   started  finished  avg MB/s  cur MB/s  last lat   avg lat
     0       0         0         0         0         0         -         0
     1      16        38        22   87.9698        88  0.712596  0.433782
     2      16        58        42   83.9791        80  0.776656   0.63326
     3      16        77        61   81.3164        76  0.454921  0.656028
     4      16        84        68   67.9875        28  0.174511  0.635511
     5      16        94        78   62.3897        40   2.49229  0.805725
     6      16       111        95   63.3231        68  0.767606  0.945634
     7      16       135       119   67.9893        96  0.623827  0.894072
     8      16       153       137   68.4891        72  0.734724  0.887422
     9      16       175       159   70.6555        88  0.514219  0.865663
    10      16       194       178   71.1889        76  0.444429  0.853923
    11      16       207       191   69.4438        52  0.731182  0.865967
    12      16       207       191   63.6571         0         -  0.865967
    13      16       208       192   59.0684         2   2.31691  0.873524
    14      16       212       196   55.9921        16   4.08516  0.937282
    15      16       240       224   59.7251       112  0.568837   1.05342
    16      16       256       240   59.9917        64   0.38839   1.02697
    17      16       276       260    61.168        80  0.496738   1.01565
    18      16       295       279   61.9914        76   1.28188   1.00731
    19      16       314       298   62.7282        76  0.552812  0.993568
2014-12-10 23:45:03.413551min lat: 0.135448 max lat: 4.08516 avg lat: 0.996292
   sec Cur ops   started  finished  avg MB/s  cur MB/s  last lat   avg lat
    20      16       320       304   60.7915        24   1.69695  0.996292
    21      16       320       304   57.8967         0         -  0.996292
    22      16       325       309   56.1741        10   2.53996   1.02058
    23      16       349       333   57.9052        96   1.08498   1.08286
    24      16       364       348   57.9922        60  0.392294   1.07133
    25      16       387       371   59.3521        92  0.489854   1.06037
    26      16       406       390    59.992        76   1.14109   1.04704
    27      16       428       412   61.0289        88  0.503947    1.0308
    28      16       434       418   59.7064        24  0.457684    1.0278
    29      16       440       424   58.4751        24   1.54183   1.04123
    30      16       440       424    56.526         0         -   1.04123
    31      16       456       440   56.7669        32  0.124576   1.06797
    32      16       476       460   57.4926        80  0.430128   1.09532
    33      15       496       481   58.2955        84  0.318242   1.08454
    34      16       511       495   58.2278        56   1.22366   1.07932
    35      16       529       513   58.6211        72   1.39754   1.07453
    36      16       544       528   58.6592        60  0.785946   1.07114
    37      16       547       531   57.3981        12   1.46697    1.0739
    38      16       561       545   57.3612        56  0.296508   1.08982
    39      16       565       549   56.3006        16  0.396759   1.08409
2014-12-10 23:45:23.415733min lat: 0.098927 max lat: 4.30199 avg lat: 1.10396
   sec Cur ops   started  finished  avg MB/s  cur MB/s  last lat   avg lat
    40      16       580       564    56.393        60  0.296119   1.10396
    41      16       596       580   56.5784        64  0.095421   1.11318
    42      16       613       597   56.8501        68  0.378274   1.10617
    43      16       629       613   57.0163        64   1.17762   1.10764
    44      16       643       627   56.9931        56   1.31447   1.11105
    45      16       660       644   57.2375        68  0.095172   1.09742
    46      16       664       648   56.3409        16   0.15374   1.09148
    47      16       664       648   55.1422         0         -   1.09148
    48      16       671       655   54.5767        14    4.0546   1.11738
    49      16       688       672   54.8505        68   1.20016   1.15331
    50      16       699       683   54.6334        44   1.39489   1.15369
    51      16       723       707   55.4443        96  0.566719   1.14696
    52      16       744       728   55.9933        84  0.753585    1.1339
    53      16       761       745   56.2197        68   0.54866   1.12693
    54      16       768       752   55.6971        28  0.138043   1.11955
    55      16       768       752   54.6844         0         -   1.11955
    56      16       773       757   54.0651        10  0.258528   1.12455
    57      16       794       778   54.5901        84  0.137197   1.15542
    58      16       813       797   54.9591        76    0.4366   1.15298
    59      16       837       821   55.6545        96  0.542915   1.14259
2014-12-10 23:45:43.417804min lat: 0.094918 max lat: 4.30199 avg lat: 1.13257
   sec Cur ops   started  finished  avg MB/s  cur MB/s  last lat   avg lat
    60      16       858       842   56.1268        84  0.646588   1.13257
 Total time run:         60.672475
Total writes made:      859
Write size:             4194304
Bandwidth (MB/sec):     56.632 

Stddev Bandwidth:       32.2788
Max bandwidth (MB/sec): 112
Min bandwidth (MB/sec): 0
Average Latency:        1.1287
Stddev Latency:         0.967261
Max latency:            4.30199
Min latency:            0.094918
