 Maintaining 16 concurrent writes of 4194304 bytes for up to 60 seconds or 0 objects
 Object prefix: benchmark_data_ceph-radosbench-1_1
   sec Cur ops   started  finished  avg MB/s  cur MB/s  last lat   avg lat
     0       0         0         0         0         0         -         0
     1      16        20         4   15.9947        16  0.884279   0.72475
     2      16        23         7   13.9966        12   1.47882   1.04505
     3      16        29        13     17.33        24   2.87987   1.70375
     4      16        32        16   15.9974        12   3.67959   2.07272
     5      16        35        19   15.1977        12   3.79863   2.37678
     6      16        38        22   14.6646        12   4.46472   2.68739
     7      16        41        25   14.2838        12   4.46896   2.92434
     8      16        47        31    15.498        24   4.06831   3.21519
     9      16        50        34   15.1092        12   4.06862   3.31891
    10      16        53        37   14.7982        12   3.81336   3.39229
    11      16        56        40   14.5437        12   4.20367   3.46772
    12      16        56        40   13.3318         0         -   3.46772
    13      16        62        46   14.1522        12   5.05721    3.6992
    14      16        68        52   14.8554        24    4.2695   3.82467
    15      16        71        55    14.665        12   4.25763   3.86595
    16      16        74        58   14.4984        12   3.81802   3.88787
    17      16        77        61   14.3513        12   4.20989   3.91339
    18      16        77        61    13.554         0         -   3.91339
    19      16        83        67   14.1036        12    4.9649   4.02482
2014-12-09 22:45:05.543612min lat: 0.266537 max lat: 5.63294 avg lat: 4.06186
   sec Cur ops   started  finished  avg MB/s  cur MB/s  last lat   avg lat
    20      16        86        70   13.9984        12   4.56754   4.06186
    21      16        89        73   13.9032        12   4.16932   4.07961
    22      16        92        76   13.8166        12   4.16485    4.0959
    23      16        95        79   13.7376        12   3.81515   4.10214
    24      16        98        82   13.6651        12    4.2072   4.11297
    25      16       101        85   13.5985        12    4.9652   4.14985
    26      16       107        91   13.9984        24   4.57501   4.20812
    27      16       113        97   14.3688        24   3.78239   4.21379
    28      16       116       100   14.2841        12   3.42928   4.20341
    29      16       119       103   14.2053        12   3.81378   4.19777
    30      16       119       103   13.7318         0         -   4.19777
    31      16       122       106   13.6759         6   5.08361   4.22828
    32      16       128       112   13.9984        24   5.08581   4.28461
    33      16       131       115   13.9378        12   4.68814   4.30356
    34      16       134       118   13.8808        12   4.67994   4.32138
    35      16       137       121    13.827        12   3.80738    4.3239
    36      16       140       124   13.7762        12   4.21151   4.32586
    37      16       143       127   13.7282        12   5.00161   4.34629
    38      16       146       130   13.6827        12   5.00159   4.36588
    39      16       152       136   13.9472        24   4.20817   4.38199
2014-12-09 22:45:25.545702min lat: 0.266537 max lat: 5.66701 avg lat: 4.38084
   sec Cur ops   started  finished  avg MB/s  cur MB/s  last lat   avg lat
    40      16       155       139   13.8985        12   4.00006   4.38084
    41      16       158       142   13.8521        12   3.61383   4.37424
    42      16       161       145    13.808        12   4.00554   4.37061
    43      16       161       145   13.4869         0         -   4.37061
    44      16       167       151   13.7258        12   4.94741   4.40218
    45      16       173       157    13.954        24   4.34879   4.41893
    46      16       176       160   13.9115        12   4.35722   4.42377
    47      16       179       163   13.8708        12    3.7527   4.42106
    48      16       182       166   13.8318        12   4.20646   4.42035
    49      16       182       166   13.5496         0         -   4.42035
    50      16       188       172   13.7585        12   5.00596   4.44881
    51      16       191       175    13.724        12   4.60836   4.45713
    52      16       194       178   13.6908        12   4.21149   4.45842
    53      16       197       181   13.6589        12   4.20471   4.45963
    54      16       200       184   13.6282        12     3.735   4.45569
    55      16       203       187   13.5986        12    4.2073   4.45439
    56      16       206       190     13.57        12    5.0551   4.46694
    57      16       212       196   13.7529        24   4.59942   4.48501
    58      16       215       199   13.7227        12   4.19726   4.48559
    59      16       218       202   13.6935        12   4.19295   4.48607
2014-12-09 22:45:45.547628min lat: 0.266537 max lat: 5.66701 avg lat: 4.48219
   sec Cur ops   started  finished  avg MB/s  cur MB/s  last lat   avg lat
    60      16       221       205   13.6652        12   3.74472   4.48219
    61      14       222       208   13.6379        12    4.1963   4.48066
    62      11       222       211   13.6115        12   4.98358   4.49061
    63       5       222       217   13.7763        24   4.54098   4.50479
    64       2       222       220   13.7486        12   4.13618   4.50432
 Total time run:         64.048267
Total writes made:      222
Write size:             4194304
Bandwidth (MB/sec):     13.865 

Stddev Bandwidth:       6.02527
Max bandwidth (MB/sec): 24
Min bandwidth (MB/sec): 0
Average Latency:        4.50188
Stddev Latency:         0.927758
Max latency:            5.66701
Min latency:            0.266537
