 Maintaining 16 concurrent writes of 4194304 bytes for up to 60 seconds or 0 objects
 Object prefix: benchmark_data_ceph-radosbench-1_1
   sec Cur ops   started  finished  avg MB/s  cur MB/s  last lat   avg lat
     0       0         0         0         0         0         -         0
     1      16        36        20   79.9735        80  0.723018  0.544183
     2      16        54        38   75.9816        72  0.102771  0.569487
     3      16        65        49   65.3206        44  0.318486  0.695587
     4      16        87        71   70.9865        88  0.170233  0.796113
     5      16        90        74   59.1893        12  0.176368  0.773056
     6      16       108        92   61.3231        72  0.180105  0.908618
     7      16       122       106   60.5615        56  0.179829  0.864045
     8      16       135       119   59.4908        52  0.433379   0.91002
     9      16       140       124    55.103        20  0.926811  0.978209
    10      16       158       142   56.7917        72   0.20459   1.03103
    11      16       178       162   58.9007        80  0.182998    1.0271
    12      16       201       185   61.6579        92  0.252906   1.00314
    13      16       219       203   62.4526        72  0.582225  0.985623
    14      16       231       215   61.4198        48  0.555095  0.983665
    15      16       238       222   59.1917        28   1.99772  0.993116
    16      16       251       235    58.742        52  0.296148  0.988693
    17      16       262       246   57.8746        44  0.231536  0.965215
    18      16       275       259    57.548        52  0.168403  0.985974
    19      16       282       266   55.9927        28   5.76314   1.02812
2015-01-13 18:00:32.162652min lat: 0.101949 max lat: 5.83807 avg lat: 1.07333
   sec Cur ops   started  finished  avg MB/s  cur MB/s  last lat   avg lat
    20      16       297       281   56.1928        60  0.185039   1.07333
    21      16       312       296   56.3738        60  0.715746   1.08911
    22      16       326       310   56.3564        56   1.85909    1.0939
    23      16       345       329   57.2102        76  0.108681   1.06923
    24      16       360       344   57.3261        60   2.55088   1.06998
    25      16       371       355   56.7929        44  0.478408   1.04815
    26      16       373       357   54.9163         8  0.603734   1.04513
    27      16       373       357   52.8824         0         -   1.04513
    28      16       373       357   50.9938         0         -   1.04513
    29      16       384       368   50.7525   14.6667  0.181392   1.12022
    30      16       407       391    52.127        92  0.399724   1.15999
    31      16       425       409   52.7678        72  0.277163   1.17886
    32      16       442       426   53.2436        68   1.12145   1.17421
    33      16       457       441   53.4481        60  0.441609   1.16256
    34      16       474       458   53.8759        68   1.51746   1.17137
    35      16       490       474   54.1649        64  0.130442   1.15056
    36      16       498       482   53.5491        32  0.205656   1.14021
    37      16       505       489   52.8584        28  0.181209   1.13331
    38      16       511       495    52.099        24   0.17897   1.12344
    39      16       519       503   51.5835        32  0.179725   1.14152
2015-01-13 18:00:52.164877min lat: 0.099307 max lat: 6.76447 avg lat: 1.15317
   sec Cur ops   started  finished  avg MB/s  cur MB/s  last lat   avg lat
    40      16       532       516   51.5938        52  0.179136   1.15317
    41      16       550       534   52.0913        72  0.571814   1.18401
    42      16       571       555   52.8508        84      1.86   1.19147
    43      16       585       569   52.9238        56  0.348661   1.18166
    44      16       601       585   53.1754        64  0.411864   1.18446
    45      16       615       599    53.238        56   1.15806   1.17564
    46      16       624       608   52.8631        36   1.57152   1.16915
    47      16       631       615   52.3341        28  0.180083   1.15937
    48      16       643       627   52.2437        48  0.298314   1.16065
    49      16       647       631    51.504        16  0.109937   1.15421
    50      16       661       645   51.5938        56  0.180944   1.18526
    51      16       677       661   51.8369        64  0.303483   1.20639
    52      16       696       680   52.3015        76   1.30204   1.21085
    53      15       711       696    52.522        64   1.02555    1.2064
    54      16       730       714   52.8826        72   0.23458   1.19463
    55      16       745       729   53.0119        60  0.298759   1.18734
    56      16       753       737   52.6366        32   2.02936   1.19124
    57      16       765       749   52.5551        48  0.265383   1.18959
    58      16       776       760   52.4075        44   2.11289   1.19684
    59      16       789       773   52.4005        52  0.107825   1.18753
2015-01-13 18:01:12.167271min lat: 0.093924 max lat: 6.76447 avg lat: 1.19488
   sec Cur ops   started  finished  avg MB/s  cur MB/s  last lat   avg lat
    60      16       800       784   52.2604        44   1.16509   1.19488
    61      14       800       786   51.5348         8     4.023   1.19771
 Total time run:         61.161542
Total writes made:      800
Write size:             4194304
Bandwidth (MB/sec):     52.320 

Stddev Bandwidth:       23.7973
Max bandwidth (MB/sec): 92
Min bandwidth (MB/sec): 0
Average Latency:        1.22104
Stddev Latency:         1.44436
Max latency:            6.76447
Min latency:            0.093924
