 Maintaining 16 concurrent writes of 4194304 bytes for up to 60 seconds or 0 objects
 Object prefix: benchmark_data_ceph-radosbench-1_1
   sec Cur ops   started  finished  avg MB/s  cur MB/s  last lat   avg lat
     0       0         0         0         0         0         -         0
     1      16        22         6   23.9926        24  0.895832   0.64573
     2      16        31        15   29.9933        36   1.50334   1.12541
     3      16        43        27   35.9931        48   1.22033   1.36565
     4      16        49        33   32.9943        24   1.61231    1.4624
     5      16        55        39   31.1951        24   2.29219   1.58409
     6      16        61        45   29.9956        24   3.00061   1.74498
     7      16        65        49   27.9959        16  0.601967   1.65296
     8      16        74        58   28.9958        36   3.98919   1.80755
     9      16        82        66   29.3293        32  0.786558   1.82081
    10      16        91        75   29.9958        36    2.6467   1.90052
    11      16        97        81   29.4505        24   3.40945   1.91303
    12      16       101        85   28.3294        16   1.24058   1.96056
    13      16       106        90   27.6886        20  0.199739   1.89734
    14      16       113        97   27.7106        28   0.25427   1.91349
    15      16       123       107   28.5296        40  0.673752   2.01806
    16      16       128       112   27.9963        20   1.21643    2.0499
    17      16       134       118   27.7611        24   3.76131   2.08476
    18      16       140       124   27.5519        24   3.15481   2.10611
    19      16       146       130   27.3648        24   2.27354   2.14525
2014-12-09 22:51:22.812822min lat: 0.199739 max lat: 4.97216 avg lat: 2.17903
   sec Cur ops   started  finished  avg MB/s  cur MB/s  last lat   avg lat
    20      16       155       139   27.7963        36   2.93599   2.17903
    21      16       164       148   28.1867        36   1.79879   2.18053
    22      16       173       157   28.5416        36   1.79508   2.15374
    23      16       179       163    28.344        24   1.81206   2.14832
    24      16       185       169   28.1629        24   2.02266   2.15282
    25      16       191       175   27.9963        24   2.20694   2.17159
    26      16       194       178    27.381        12   2.96316   2.18711
    27      16       206       190   28.1444        48    2.1724   2.19743
    28      16       215       199   28.4247        36   2.20098   2.17567
    29      16       223       207   28.5479        32   1.41586   2.15719
    30      16       229       213   28.3962        24   3.19508   2.16695
    31      16       234       218   28.1253        20   3.62662   2.18147
    32      16       236       220   27.4964         8   1.96575   2.17955
    33      16       246       230   27.8751        40   3.15939   2.19279
    34      16       252       236   27.7611        24   3.57874   2.18627
    35      16       260       244   27.8821        32   3.19225   2.20043
    36      16       266       250   27.7742        24  0.620234   2.19294
    37      16       272       256   27.6721        24   1.00563    2.1952
    38      16       272       256   26.9439         0         -    2.1952
    39      16       276       260   26.6633         8  0.316662   2.22153
2014-12-09 22:51:42.815182min lat: 0.158006 max lat: 5.67502 avg lat: 2.25087
   sec Cur ops   started  finished  avg MB/s  cur MB/s  last lat   avg lat
    40      16       287       271   27.0966        44  0.600105   2.25087
    41      16       293       277    27.021        24  0.743716   2.25598
    42      16       300       284   27.0442        28  0.993651   2.26284
    43      16       308       292   27.1593        32   1.52989   2.26906
    44      16       313       297   26.9966        20   1.62952    2.2799
    45      16       321       305   27.1077        32   1.01258   2.28656
    46      16       330       314   27.3009        36   3.68152   2.29948
    47      16       338       322   27.4007        32  0.673762   2.28181
    48      16       345       329   27.4131        28    1.1821   2.26901
    49      16       351       335   27.3434        24   1.26937   2.26599
    50      16       357       341   27.2765        24   1.06773   2.26925
    51      16       360       344   26.9769        12   4.42096   2.28038
    52      16       368       352   27.0734        32  0.818553   2.28652
    53      16       379       363   27.3927        44  0.659545   2.28804
    54      16       387       371   27.4779        32  0.998827   2.28323
    55      16       393       377   27.4146        24   1.02081    2.2777
    56      16       399       383   27.3536        24  0.995929   2.27667
    57      16       400       384   26.9439         4  0.465894   2.27195
    58      16       409       393      27.1        36   3.99673   2.29415
    59      16       422       406   27.5219        52  0.620263   2.28879
2014-12-09 22:52:02.817919min lat: 0.158006 max lat: 5.67502 avg lat: 2.27731
   sec Cur ops   started  finished  avg MB/s  cur MB/s  last lat   avg lat
    60      16       430       414   27.5964        32  0.800049   2.27731
    61      16       431       415   27.2096         4  0.800762   2.27376
    62      16       431       415   26.7707         0         -   2.27376
    63      16       431       415   26.3457         0         -   2.27376
    64      14       431       417   26.0591   2.66667   4.00842   2.28248
 Total time run:         64.166422
Total writes made:      431
Write size:             4194304
Bandwidth (MB/sec):     26.868 

Stddev Bandwidth:       12.2355
Max bandwidth (MB/sec): 52
Min bandwidth (MB/sec): 0
Average Latency:        2.38098
Stddev Latency:         1.44467
Max latency:            6.54959
Min latency:            0.158006
