 Maintaining 16 concurrent writes of 4194304 bytes for up to 60 seconds or 0 objects
 Object prefix: benchmark_data_ceph-radosbench-1_1
   sec Cur ops   started  finished  avg MB/s  cur MB/s  last lat   avg lat
     0       0         0         0         0         0         -         0
     1      16        40        24   95.9746        96  0.195849  0.432295
     2      16        68        52   103.978       112   0.39618  0.460884
     3      16        84        68   90.6494        64  0.145342  0.455778
     4      16        90        74   73.9866        24  0.104584  0.445462
     5      16        95        79    63.189        20  0.152022  0.558723
     6      16       106        90   59.9899        44  0.098134  0.769711
     7      16       135       119   67.9888       116  0.141508   0.82451
     8      16       150       134   66.9888        60  0.094089  0.816101
     9      16       159       143    63.545        36  0.094775  0.831945
    10      16       176       160   63.9895        68  0.094009   0.81615
    11      16       176       160   58.1724         0         -   0.81615
    12      16       176       160   53.3248         0         -   0.81615
    13      16       183       167   51.3765   9.33333  0.110453  0.879071
    14      16       198       182   51.9919        60  0.099111   1.00861
    15      16       219       203   54.1249        84   0.23233   1.06981
    16      16       239       223   55.7413        80   0.09323   1.03885
    17      16       239       223   52.4624         0         -   1.03885
    18      16       248       232   51.5475        18  0.097471    1.1095
    19      16       253       237    49.887        20  0.126975   1.08884
2014-12-11 00:04:18.524817min lat: 0.09323 max lat: 6.09665 avg lat: 1.08884
   sec Cur ops   started  finished  avg MB/s  cur MB/s  last lat   avg lat
    20      16       253       237   47.3927         0         -   1.08884
    21      16       264       248   47.2309        22  0.094935   1.11707
    22      16       278       262    47.629        56   6.28507   1.20385
    23      16       299       283   49.2098        84  0.455197   1.18943
    24      16       318       302   50.3256        76  0.149187    1.2104
    25      16       333       317   50.7121        60  0.127573    1.1848
    26      16       337       321    49.377        16  0.103461   1.19913
    27      16       353       337   49.9182        64   0.09523   1.17796
    28      16       356       340    48.564        12  0.561625   1.16977
    29      16       356       340   46.8894         0         -   1.16977
    30      16       364       348   46.3929        16  0.096087   1.19708
    31      16       380       364   46.9606        64   6.25549   1.25372
    32      16       408       392   48.9925       112  0.531913   1.26464
    33      16       429       413   50.0529        84  0.094926   1.23734
    34      16       446       430   50.5804        68  0.158675   1.22359
    35      16       468       452   51.6491        88  0.157088   1.19199
    36      16       488       472   52.4363        80   0.15723   1.16534
    37      16       493       477   51.5595        20   3.24881   1.17847
    38      16       498       482   50.7289        20  0.096359   1.17024
    39      16       498       482   49.4282         0         -   1.17024
2014-12-11 00:04:38.528199min lat: 0.093075 max lat: 6.85211 avg lat: 1.17897
   sec Cur ops   started  finished  avg MB/s  cur MB/s  last lat   avg lat
    40      16       524       508   50.7918        52  0.176647   1.17897
    41      16       551       535   52.1866       108  0.170455   1.18996
    42      16       570       554   52.7533        76  0.146556   1.18029
    43      16       589       573   53.2937        76  0.122594   1.17281
    44      16       609       593   53.9004        80  0.154266   1.16012
    45      16       620       604   53.6802        44  0.221369   1.14302
    46      16       630       614   53.3827        40  0.092909   1.14758
    47      16       631       615    52.332         4  0.414663   1.14639
    48      16       636       620   51.6584        20   0.15085   1.16326
    49      16       641       625   51.0123        20  0.096003   1.17748
    50      16       664       648   51.8318        92  0.106636    1.1868
    51      16       681       665   52.1485        68  0.778162   1.19848
    52      16       703       687   52.8376        88   2.41288   1.19013
    53      16       722       706   53.2744        76  0.156019   1.17415
    54      16       735       719   53.2507        52  0.093911   1.15512
    55      16       735       719   52.2825         0         -   1.15512
    56      16       738       722   51.5631         6   5.12232    1.1724
    57      16       744       728   51.0795        24  0.095463   1.16441
    58      16       763       747    51.509        76  0.378563   1.20859
    59      16       783       767   51.9916        80  0.094941   1.20153
2014-12-11 00:04:58.531394min lat: 0.092909 max lat: 6.85211 avg lat: 1.202
   sec Cur ops   started  finished  avg MB/s  cur MB/s  last lat   avg lat
    60      16       801       785   52.3249        72   2.23957     1.202
    61      16       802       786   51.5326         4  0.109739   1.20061
    62       8       802       794   51.2175        32   3.68534   1.21692
    63       8       802       794   50.4046         0         -   1.21692
    64       8       802       794    49.617         0         -   1.21692
    65       6       802       796   48.9768   2.66667   5.58273   1.22857
 Total time run:         65.500265
Total writes made:      802
Write size:             4194304
Bandwidth (MB/sec):     48.977 

Stddev Bandwidth:       35.5408
Max bandwidth (MB/sec): 116
Min bandwidth (MB/sec): 0
Average Latency:        1.26581
Stddev Latency:         1.94864
Max latency:            7.3346
Min latency:            0.092909
