 Maintaining 16 concurrent writes of 4194304 bytes for up to 60 seconds or 0 objects
 Object prefix: benchmark_data_ceph-radosbench-1_1
   sec Cur ops   started  finished  avg MB/s  cur MB/s  last lat   avg lat
     0       0         0         0         0         0         -         0
     1      16        27        11   43.9867        44  0.927449  0.597185
     2      16        39        23   45.9905        48   1.37462  0.928049
     3      16        48        32   42.6595        36   1.41656   1.09169
     4      16        57        41   40.9939        36   1.19641   1.21935
     5      16        60        44   35.1951        12   2.06779   1.28495
     6      16        63        47   31.3293        12   2.31207   1.37714
     7      16        73        57   32.5674        40   4.12053    1.4844
     8      16        80        64   31.9962        28  0.222575   1.53146
     9      16        89        73   32.4406        36  0.290885   1.66703
    10      16        99        83    33.196        40   3.05914   1.70414
    11      16       103        87   31.6327        16   0.22301   1.63844
    12      16       107        91   30.3297        16   3.99405    1.7043
    13      16       114        98   30.1502        28  0.185715   1.74465
    14      16       114        98   27.9967         0         -   1.74465
    15      16       114        98   26.1303         0         -   1.74465
    16      16       119       103   25.7471   6.66667  0.309539   1.86294
    17      16       129       113   26.5852        40  0.182773    2.0693
    18      16       136       120   26.6637        28    5.0643   2.20319
    19      16       146       130   27.3653        40  0.571233   2.17864
2015-01-13 17:53:57.493888min lat: 0.102525 max lat: 7.17582 avg lat: 2.1287
   sec Cur ops   started  finished  avg MB/s  cur MB/s  last lat   avg lat
    20      16       158       142   28.3968        48   2.76617    2.1287
    21      16       164       148   28.1873        24  0.577397   2.10469
    22      16       172       156   28.3605        32  0.801259   2.07501
    23      16       176       160   27.8229        16  0.906828   2.04774
    24      16       177       161   26.8302         4  0.389372   2.03744
    25      16       184       168   26.8769        28   5.47863    2.1574
    26      16       194       178   27.3814        40  0.189099   2.20752
    27      16       207       191   28.2929        52   3.78062   2.18177
    28      16       214       198   28.2823        28  0.415282   2.16135
    29      16       219       203   27.9966        20  0.287887    2.1558
    30      16       224       208     27.73        20    1.2039   2.15767
    31      16       228       212   27.3515        16  0.102332    2.1269
    32      16       228       212   26.4967         0         -    2.1269
    33      16       233       217   26.2998        10  0.312734   2.15975
    34      16       245       229   26.9378        48  0.586317   2.21089
    35      16       254       238   27.1966        36   4.60705   2.27016
    36      16       263       247    27.441        36   1.56898   2.26427
    37      16       272       256   27.6722        36   2.39594   2.25677
    38      16       281       265   27.8912        36   1.16991   2.23845
    39      16       284       268   27.4837        12   1.41734   2.22925
2015-01-13 17:54:17.496745min lat: 0.102332 max lat: 7.17582 avg lat: 2.20974
   sec Cur ops   started  finished  avg MB/s  cur MB/s  last lat   avg lat
    40      16       290       274   27.3965        24  0.889928   2.20974
    41      16       295       279    27.216        20  0.362432   2.21614
    42      16       299       283   26.9489        16  0.389627   2.19532
    43      16       306       290   26.9733        28    5.1541   2.25514
    44      16       320       304   27.6328        56   4.30584   2.26413
    45      16       328       312   27.7298        32  0.535647   2.24314
    46      16       337       321   27.9094        36    2.5369   2.22787
    47      16       342       326   27.7411        20   3.07154   2.22467
    48      16       342       326   27.1631         0         -   2.22467
    49      16       342       326   26.6088         0         -   2.22467
    50      16       342       326   26.0766         0         -   2.22467
    51      16       352       336   26.3496        10   0.27219   2.27175
    52      16       364       348   26.7658        48  0.201119   2.29659
    53      16       372       356   26.8645        32    2.7663   2.32862
    54      16       377       361   26.7373        20   3.17653   2.32432
    55      16       386       370   26.9056        36  0.252342    2.3045
    56      16       388       372    26.568         8  0.113155   2.29336
    57      16       391       375   26.3124        12   4.75338   2.31253
    58      16       394       378   26.0656        12   5.49741   2.33864
    59      16       404       388   26.3017        40   4.28843   2.35968
2015-01-13 17:54:37.499434min lat: 0.102074 max lat: 7.17582 avg lat: 2.37584
   sec Cur ops   started  finished  avg MB/s  cur MB/s  last lat   avg lat
    60      16       412       396   26.3966        32   3.50499   2.37584
    61      15       413       398    26.095         8   1.23426   2.37013
    62      15       413       398   25.6741         0         -   2.37013
    63       6       413       407   25.8379        18   3.01804   2.40806
    64       6       413       407   25.4342         0         -   2.40806
    65       6       413       407   25.0429         0         -   2.40806
 Total time run:         65.379540
Total writes made:      413
Write size:             4194304
Bandwidth (MB/sec):     25.268 

Stddev Bandwidth:       15.7895
Max bandwidth (MB/sec): 56
Min bandwidth (MB/sec): 0
Average Latency:        2.4672
Stddev Latency:         2.0684
Max latency:            8.97142
Min latency:            0.102074
