 Maintaining 16 concurrent writes of 4194304 bytes for up to 60 seconds or 0 objects
 Object prefix: benchmark_data_ceph-radosbench-1_1
   sec Cur ops   started  finished  avg MB/s  cur MB/s  last lat   avg lat
     0       0         0         0         0         0         -         0
     1      16        40        24   95.9679        96  0.518504  0.438704
     2      16        68        52   103.975       112  0.476668  0.508761
     3      16        91        75   99.9792        92  0.998248  0.548341
     4      16       112        96   95.9818        84  0.381711  0.550939
     5      16       145       129   103.181       132  0.435197   0.58313
     6      16       170       154   102.648       100  0.652024  0.571709
     7      16       192       176   100.555        88  0.096082  0.557814
     8      16       196       180   89.9857        16   2.24679  0.588377
     9      16       216       200   88.8754        80   2.85191  0.609315
    10      16       234       218   87.1873        72   2.98237  0.675108
    11      16       267       251   91.2599       132   2.14567  0.680897
    12      16       284       268    89.321        68  0.616039  0.679965
    13      16       305       289   88.9107        84  0.095803  0.662795
    14      16       311       295   84.2739        24  0.174636  0.671193
    15      16       311       295   78.6557         0         -  0.671193
    16      16       318       302   75.4897        14  0.388736  0.697984
    17      16       326       310   72.9314        32  0.094229  0.683463
    18      16       333       317   70.4352        28  0.428627  0.719883
    19      16       346       330   69.4647        52   0.11267  0.806509
2014-12-11 00:17:49.449839min lat: 0.09335 max lat: 6.4794 avg lat: 0.86202
   sec Cur ops   started  finished  avg MB/s  cur MB/s  last lat   avg lat
    20      16       365       349   69.7911        76  0.124907   0.86202
    21      16       380       364   69.3245        60   2.14508  0.870864
    22      16       396       380   69.0822        64  0.647578  0.871696
    23      16       424       408   70.9477       112  0.208073  0.864525
    24      16       452       436   72.6578       112  0.194669  0.841304
    25      16       473       457   73.1112        84  0.159533  0.827072
    26      16       483       467   71.8374        40   0.09343  0.812082
    27      16       492       476     70.51        36  0.137904  0.827498
    28      16       498       482   68.8489        24  0.096952  0.822109
    29      16       504       488   67.3023        24  0.396153  0.846052
    30      16       513       497   66.2587        36  0.098283  0.865784
    31      16       539       523   67.4758       104      0.11  0.915182
    32      16       563       547   68.3668        96  0.171009  0.909822
    33      16       578       562    68.113        60  0.106787  0.902189
    34      16       605       589   69.2857       108  0.200409  0.892291
    35      16       634       618   70.6199       116   0.16145  0.883845
    36      16       651       635   70.5469        68  0.177891  0.868266
    37      16       659       643   69.5049        32  0.124385  0.859275
    38      16       659       643   67.6758         0         -  0.859275
    39      16       664       648   66.4533        10  0.147042  0.877429
2014-12-11 00:18:09.452220min lat: 0.09335 max lat: 6.52303 avg lat: 0.900981
   sec Cur ops   started  finished  avg MB/s  cur MB/s  last lat   avg lat
    40      16       668       652    65.192        16  0.109586  0.900981
    41      16       696       680   66.3332       112   0.23331   0.91944
    42      16       729       713   67.8963       132  0.395242  0.927748
    43      16       755       739   68.7356       104  0.437905   0.91755
    44      16       784       768   69.8094       116  0.787061  0.910128
    45      16       807       791   70.3022        92  0.326346  0.900223
    46      16       835       819   71.2084       112  0.231725  0.888816
    47      16       855       839   71.3952        80  0.231633  0.873206
    48      16       862       846   70.4911        28   0.09304   0.87084
    49      16       866       850    69.379        16   3.67531  0.879901
    50      16       879       863   69.0314        52  0.382852  0.894287
    51      16       898       882   69.1679        76  0.176429  0.900428
    52      16       914       898   69.0683        64  0.763706  0.912438
    53      16       947       931   70.2554       132  0.545108  0.904317
    54      16       975       959   71.0282       112   0.48239   0.89461
    55      16       999       983    71.482        96  0.267961  0.881727
    56      16      1008       992   70.8483        36   3.13855  0.882603
    57      16      1021      1005   70.5175        52  0.622082  0.876725
    58      16      1021      1005   69.3018         0         -  0.876725
    59      16      1033      1017   68.9406        24  0.153909  0.893556
2014-12-11 00:18:29.454668min lat: 0.09304 max lat: 6.52303 avg lat: 0.907119
   sec Cur ops   started  finished  avg MB/s  cur MB/s  last lat   avg lat
    60      16      1048      1032   68.7915        60  0.156619  0.907119
    61      16      1049      1033   67.7293         4  0.094354  0.906332
    62       6      1049      1043   67.2821        40   4.92499  0.930532
 Total time run:         62.350229
Total writes made:      1049
Write size:             4194304
Bandwidth (MB/sec):     67.297 

Stddev Bandwidth:       39.8937
Max bandwidth (MB/sec): 132
Min bandwidth (MB/sec): 0
Average Latency:        0.945739
Stddev Latency:         1.42151
Max latency:            6.52303
Min latency:            0.09304
