 Maintaining 16 concurrent writes of 4194304 bytes for up to 60 seconds or 0 objects
 Object prefix: benchmark_data_ceph-radosbench-1_1
   sec Cur ops   started  finished  avg MB/s  cur MB/s  last lat   avg lat
     0       0         0         0         0         0         -         0
     1      16        41        25   99.9702       100  0.656629  0.429204
     2      16        63        47   93.9783        88  0.972948  0.534188
     3      16        79        63   83.9829        64  0.564987  0.587692
     4      16       104        88   87.9835       100  0.316917  0.664732
     5      16       133       117   93.5834       116  0.708059  0.649583
     6      16       145       129   85.9853        48  0.094823  0.638589
     7      16       168       152   86.8421        92   1.95839  0.676883
     8      16       195       179   89.4848       108  0.537187  0.690044
     9      16       219       203   90.2072        96  0.533241  0.682881
    10      16       224       208   83.1862        20  0.582943  0.682022
    11      16       241       225   81.8048        68  0.131813   0.72279
    12      16       268       252   83.9864       108  0.291388  0.731934
    13      16       282       266    81.833        56  0.178741  0.722114
    14      16       305       289   82.5584        92  0.137988   0.74139
    15      16       331       315   83.9866       104  0.161827  0.736638
    16      16       349       333   83.2366        72  0.277662  0.733714
    17      16       363       347   81.6342        56   1.66941  0.753842
    18      16       387       371   82.4318        96  0.747372  0.758519
    19      16       407       391   82.3034        80  0.157825  0.742685
2014-12-10 23:54:21.423982min lat: 0.094823 max lat: 2.69656 avg lat: 0.743865
   sec Cur ops   started  finished  avg MB/s  cur MB/s  last lat   avg lat
    20      16       428       412   82.3877        84  0.200613  0.743865
    21      16       452       436   83.0353        96  0.430154  0.753657
    22      16       480       464   84.3512       112  0.517467  0.749381
    23      16       495       479   83.2923        60  0.609035  0.746461
    24      16       501       485   80.8218        24  0.406215  0.749379
    25      16       516       500   79.9886        60  0.378683  0.765981
    26      16       537       521   80.1426        84  0.405256  0.788477
    27      16       566       550   81.4701       116  0.607721  0.777715
    28      16       589       573   81.8457        92  0.461192  0.771156
    29      16       612       596   82.1954        92   0.43848  0.763522
    30      16       635       619   82.5219        92   0.50662  0.762567
    31      16       652       636   82.0533        68   1.25785  0.764329
    32      16       657       641   80.1141        20  0.143862  0.763802
    33      16       668       652   79.0197        44  0.106438  0.784014
    34      16       687       671   78.9306        76   1.26732   0.79908
    35      16       713       697   79.6466       104  0.787105  0.793559
    36      16       733       717    79.656        80   0.36688  0.789982
    37      16       756       740   79.9894        92  0.397959  0.789262
    38      16       779       763   80.3052        92   0.32871  0.789539
    39      16       794       778   79.7844        60  0.382481  0.783407
2014-12-10 23:54:41.426254min lat: 0.094096 max lat: 2.94565 avg lat: 0.790634
   sec Cur ops   started  finished  avg MB/s  cur MB/s  last lat   avg lat
    40      16       798       782   78.1897        16    2.5482  0.790634
    41      16       813       797   77.7459        60   1.71401  0.806991
    42      16       842       826   78.6564       116  0.298525  0.808898
    43      16       857       841   78.2224        60  0.446643  0.806317
    44      16       877       861   78.2625        80  0.220087  0.805546
    45      16       898       882   78.3898        84   1.26382  0.806645
    46      16       917       901   78.3376        76   0.24641  0.797561
    47      16       925       909   77.3516        32   2.93898  0.802001
    48      16       944       928   77.3233        76   1.05401  0.820957
    49      16       965       949   77.4593        84  0.229697  0.815699
    50      16       992       976   78.0698       108   1.05764  0.814315
    51      16      1017      1001   78.4996       100  0.401455   0.80853
    52      16      1044      1028   79.0667       108  0.422533  0.804775
    53      16      1067      1051   79.3104        92  0.333624  0.799237
    54      16      1071      1055    78.138        16  0.200158  0.797392
    55      16      1087      1071   77.8808        64   2.15146  0.810236
    56      16      1097      1081   77.2043        40  0.168584   0.81627
    57      16      1129      1113   78.0951       128  0.217002  0.814856
    58      16      1155      1139   78.5415       104  0.548538  0.811435
    59      16      1177      1161   78.7016        88  0.478753  0.807316
2014-12-10 23:55:01.428816min lat: 0.093692 max lat: 3.25006 avg lat: 0.802356
   sec Cur ops   started  finished  avg MB/s  cur MB/s  last lat   avg lat
    60      16      1198      1182   78.7897        84  0.301326  0.802356
    61      16      1199      1183   77.5636         4  0.191676   0.80184
    62      16      1199      1183   76.3126         0         -   0.80184
 Total time run:         62.215174
Total writes made:      1199
Write size:             4194304
Bandwidth (MB/sec):     77.087 

Stddev Bandwidth:       31.4423
Max bandwidth (MB/sec): 128
Min bandwidth (MB/sec): 0
Average Latency:        0.829796
Stddev Latency:         0.648569
Max latency:            3.79356
Min latency:            0.093692
