 Maintaining 16 concurrent writes of 4194304 bytes for up to 60 seconds or 0 objects
 Object prefix: benchmark_data_ceph-radosbench-1_1
   sec Cur ops   started  finished  avg MB/s  cur MB/s  last lat   avg lat
     0       0         0         0         0         0         -         0
     1      16        40        24   95.9661        96  0.184271  0.341409
     2      16        61        45   89.9768        84  0.096524  0.266224
     3      16        61        45   59.9866         0         -  0.266224
     4      16        86        70   69.9864        50   0.16007  0.636858
     5      16       112        96   76.7858       104  0.246032  0.714987
     6      16       140       124    82.651       112  0.321715  0.655358
     7      16       166       150   85.6985       104  0.991723  0.635938
     8      16       194       178   88.9841       112  0.768495  0.625644
     9      16       225       209   92.8725       124  0.211022  0.644761
    10      16       244       228   91.1841        76   1.87702   0.65031
    11      16       280       264   95.9835       144  0.185271  0.639441
    12      16       308       292   97.3169       112   0.16567  0.625606
    13      16       334       318   97.8298       104  0.222558  0.615177
    14      16       361       345   98.5551       108   2.54812  0.618607
    15      16       390       374   99.7168       116  0.221059  0.607834
    16      16       414       398   99.4837        96  0.165253  0.606341
    17      16       446       430    101.16       128  0.318014  0.613434
    18      16       473       457   101.539       108  0.360049  0.613193
    19      16       496       480   101.037        92  0.214017  0.612086
2014-12-11 01:53:26.681561min lat: 0.096524 max lat: 3.94661 avg lat: 0.609785
   sec Cur ops   started  finished  avg MB/s  cur MB/s  last lat   avg lat
    20      16       529       513   102.584       132  0.267728  0.609785
    21      16       557       541   103.031       112  0.716152  0.604884
    22      16       582       566   102.893       100  0.208647  0.601364
    23      15       612       597    103.81       124  0.792881    0.6049
    24      16       639       623   103.817       104  0.112269  0.603264
    25      16       667       651   104.144       112  0.184587  0.604187
    26      16       698       682   104.907       124  0.361526  0.598594
    27      16       725       709   105.021       108  0.269275  0.594743
    28      16       754       738   105.412       116  0.144593  0.592645
    29      16       780       764   105.363       104  0.163024  0.590877
    30      16       809       793   105.717       116   0.18082  0.591049
    31      16       837       821   105.919       112   2.03866  0.594187
    32      16       865       849   106.109       112  0.349945   0.59172
    33      16       894       878   106.408       116   0.98599  0.595822
    34      16       922       906   106.572       112  0.713686  0.593723
    35      16       944       928   106.041        88  0.096839  0.592147
    36      16       973       957   106.317       116  0.666951  0.594122
    37      16      1002       986   106.578       116  0.118798  0.593579
    38      16      1034      1018   107.141       128  0.354784  0.594538
    39      16      1060      1044   107.061       104  0.423736  0.593297
2014-12-11 01:53:46.684519min lat: 0.096524 max lat: 3.94661 avg lat: 0.593081
   sec Cur ops   started  finished  avg MB/s  cur MB/s  last lat   avg lat
    40      16      1089      1073   107.284       116  0.856926  0.593081
    41      16      1116      1100   107.301       108  0.338916  0.591661
    42      16      1143      1127   107.317       108  0.198296  0.587196
    43      16      1168      1152   107.147       100  0.304172  0.588324
    44      16      1195      1179   107.166       108  0.729101  0.590011
    45      16      1226      1210   107.539       124  0.295148  0.591137
    46      16      1256      1240    107.81       120  0.601025  0.589779
    47      16      1284      1268   107.899       112  0.307798   0.58766
    48      16      1309      1293   107.734       100  0.654843  0.588158
    49      16      1338      1322   107.902       116  0.627962  0.588058
    50      16      1365      1349   107.904       108  0.295914  0.586415
    51      16      1393      1377   107.984       112  0.247796  0.583626
    52      16      1424      1408   108.291       124  0.426535  0.583108
    53      16      1452      1436   108.361       112  0.161422  0.578917
    54      16      1481      1465   108.502       116   0.13364  0.575861
    55      16      1507      1491    108.42       104  0.116632  0.576317
    56      16      1535      1519   108.484       112  0.166191  0.585566
    57      16      1562      1546   108.475       108  0.283345  0.583318
    58      16      1590      1574   108.535       112  0.103938  0.579461
    59      16      1616      1600   108.458       104  0.190305  0.576062
2014-12-11 01:54:06.687381min lat: 0.096524 max lat: 4.94553 avg lat: 0.581174
   sec Cur ops   started  finished  avg MB/s  cur MB/s  last lat   avg lat
    60      16      1647      1631   108.717       124   1.09437  0.581174
 Total time run:         60.529860
Total writes made:      1648
Write size:             4194304
Bandwidth (MB/sec):     108.905 

Stddev Bandwidth:       23.9718
Max bandwidth (MB/sec): 144
Min bandwidth (MB/sec): 0
Average Latency:        0.58664
Stddev Latency:         0.65059
Max latency:            4.94553
Min latency:            0.096524
