 Maintaining 16 concurrent writes of 4194304 bytes for up to 60 seconds or 0 objects
 Object prefix: benchmark_data_ceph-radosbench-2_1
   sec Cur ops   started  finished  avg MB/s  cur MB/s  last lat   avg lat
     0       0         0         0         0         0         -         0
     1      16        30        14   55.9768        56  0.992146  0.624366
     2      16        44        28    55.982        56  0.533855  0.724235
     3      16        65        49    65.316        84  0.567547  0.747794
     4      16        81        65   64.9845        64  0.443245  0.803094
     5      16        91        75   59.9858        40   1.04975  0.856639
     6      16       108        92    61.319        68   1.73557  0.925666
     7      16       126       110   62.8428        72   1.98355  0.921461
     8      16       143       127   63.4861        68  0.198667  0.924923
     9      16       161       145   64.4309        72  0.720411  0.907369
    10      16       174       158   63.1872        52    1.4529  0.911749
    11      16       192       176   63.9853        72  0.529446    0.9287
    12      16       203       187   62.3194        44   2.36641    0.9502
    13      16       217       201   61.8322        56  0.811162  0.964504
    14      16       239       223   63.7003        88  0.417033  0.955981
    15      16       250       234   62.3863        44   1.37886  0.963455
    16      16       266       250   62.4863        64  0.433536  0.964109
    17      16       283       267   62.8099        68  0.280708  0.963195
    18      16       297       281   62.4304        56  0.291526   0.97201
    19      16       305       289   60.8285        32   2.02846  0.994702
2015-02-01 05:50:05.434229min lat: 0.159467 max lat: 3.52465 avg lat: 1.00901
   sec Cur ops   started  finished  avg MB/s  cur MB/s  last lat   avg lat
    20      16       320       304   60.7866        60  0.323434   1.00901
    21      16       333       317   60.3677        52  0.555956   1.01104
    22      16       347       331   60.1688        56  0.214773   1.02231
    23      16       359       343   59.6395        48  0.242173   1.03046
    24      16       372       356   59.3208        52  0.521518    1.0323
    25      16       383       367   58.7076        44  0.755089   1.04429
    26      16       405       389   59.8336        88  0.500532   1.04837
    27      16       422       406   60.1356        68   1.02152   1.03985
    28      16       438       422   60.2731        64  0.815756    1.0343
    29      16       456       440    60.677        72  0.848472   1.03902
    30      16       472       456   60.7873        64  0.676536   1.03506
    31      16       479       463    59.726        28  0.941315   1.03234
    32      16       494       478   59.7343        60   1.61571   1.05604
    33      16       506       490   59.3785        48   1.16469   1.05441
    34      16       520       504   59.2788        56  0.872769   1.05641
    35      16       541       525   59.9847        84  0.724649    1.0496
    36      16       558       542    60.207        68  0.498385   1.04349
    37      16       572       556   60.0929        56  0.594759   1.03669
    38      16       586       570   59.9849        56    1.8694   1.04273
    39      16       597       581   59.5748        44  0.546289   1.04747
2015-02-01 05:50:25.439797min lat: 0.099986 max lat: 3.56519 avg lat: 1.05664
   sec Cur ops   started  finished  avg MB/s  cur MB/s  last lat   avg lat
    40      16       614       598   59.7851        68   2.36809   1.05664
    41      16       626       610   59.4974        48  0.718758   1.04865
    42      16       639       623   59.3186        52   0.28727   1.05234
    43      16       653       637   59.2413        56   1.37706   1.05615
    44      16       670       654     59.44        68  0.694875    1.0596
    45      16       682       666   59.1856        48   1.34841   1.05854
    46      16       691       675   58.6814        36   3.82109   1.05901
    47      16       709       693   58.9644        72  0.400958   1.06148
    48      16       725       709   59.0691        64   1.04231   1.06946
    49      16       736       720   58.7613        44  0.902799   1.06945
    50      15       750       735   58.7858        60  0.108808   1.06796
    51      16       760       744   58.3389        36  0.317724   1.07104
    52      16       772       756   58.1399        48  0.490088   1.07956
    53      16       784       768   57.9484        48  0.187775   1.08311
    54      16       802       786   58.2084        72  0.855598   1.08006
    55      16       820       804   58.4589        72  0.714927   1.08347
    56      16       835       819   58.4862        60   1.67382   1.08131
    57      16       852       836   58.6529        68   1.22448   1.08021
    58      16       863       847   58.4002        44   1.92074    1.0819
    59      16       877       861   58.3594        56  0.925985   1.08341
2015-02-01 05:50:45.443684min lat: 0.099986 max lat: 3.88922 avg lat: 1.07781
   sec Cur ops   started  finished  avg MB/s  cur MB/s  last lat   avg lat
    60      16       891       875   58.3199        56  0.623949   1.07781
    61      16       892       876   57.4293         4   1.00045   1.07772
 Total time run:         61.511740
Total writes made:      892
Write size:             4194304
Bandwidth (MB/sec):     58.005 

Stddev Bandwidth:       16.4444
Max bandwidth (MB/sec): 88
Min bandwidth (MB/sec): 0
Average Latency:        1.09958
Stddev Latency:         0.759701
Max latency:            4.25988
Min latency:            0.099986
