 Maintaining 16 concurrent writes of 4194304 bytes for up to 60 seconds or 0 objects
 Object prefix: benchmark_data_ceph-radosbench-1_1
   sec Cur ops   started  finished  avg MB/s  cur MB/s  last lat   avg lat
     0       0         0         0         0         0         -         0
     1      16        30        14    55.976        56  0.523916  0.585156
     2      16        47        31     61.98        68    1.9327  0.658139
     3      16        63        47   62.6491        64   1.84759  0.785444
     4      16        81        65   64.9832        72  0.671128  0.837771
     5      16        97        81   64.7839        64  0.289575  0.876234
     6      16       107        91   60.6521        40  0.226193  0.890351
     7      16       123       107   61.1284        64  0.507916  0.921953
     8      16       138       122   60.9858        60  0.861297   0.95585
     9      16       147       131    58.209        36  0.768373  0.978487
    10      16       161       145   57.9871        56   1.20416  0.994062
    11      16       168       152   55.2606        28  0.411552    1.0069
    12      16       181       165   54.9881        52   2.30339   1.05941
    13      16       195       179   55.0651        56  0.279674   1.08055
    14      16       215       199   56.8449        80  0.337142   1.08185
    15      16       225       209   55.7214        40   1.42561   1.07868
    16      16       242       226    56.488        68   0.54937   1.07688
    17      16       254       238   55.9875        48  0.316009   1.07785
    18      16       267       251   55.7653        52   2.84363   1.08159
    19      16       276       260   54.7247        36   1.46191   1.10748
2015-02-01 05:46:32.662086min lat: 0.106145 max lat: 3.34787 avg lat: 1.11071
   sec Cur ops   started  finished  avg MB/s  cur MB/s  last lat   avg lat
    20      16       297       281   56.1873        84   0.71054   1.11071
    21      16       318       302   57.5108        84  0.511923    1.0797
    22      16       330       314   57.0781        48  0.761391   1.07282
    23      16       346       330   57.3785        64  0.817998    1.0764
    24      16       360       344   57.3206        56    1.6205   1.07285
    25      16       369       353   56.4675        36   1.76343   1.09066
    26      16       383       367   56.4491        56    1.1039   1.11005
    27      16       399       383   56.7283        64   1.14448   1.09772
    28      16       413       397   56.7017        56   1.11204   1.10247
    29      16       429       413   56.9529        64  0.557439   1.10147
    30      16       445       429   57.1874        64  0.425862   1.09543
    31      16       456       440   56.7617        44  0.727274   1.09249
    32      16       469       453   56.6125        52   1.31702   1.10566
    33      16       487       471   57.0784        72  0.424783   1.09886
    34      16       507       491   57.7521        80  0.613405   1.08932
    35      16       523       507   57.9302        64  0.804201   1.08736
    36      16       535       519   57.6542        48  0.554438   1.08187
    37      16       544       528   57.0688        36  0.587389   1.09093
    38      16       554       538   56.6194        40   1.61903   1.10025
    39      16       569       553   56.7058        60   1.42386   1.10604
2015-02-01 05:46:52.666043min lat: 0.101961 max lat: 3.34787 avg lat: 1.10889
   sec Cur ops   started  finished  avg MB/s  cur MB/s  last lat   avg lat
    40      16       580       564   56.3881        44   0.78951   1.10889
    41      16       601       585   57.0611        84  0.392004   1.10335
    42      16       620       604   57.5117        76  0.190659   1.09411
    43      16       627       611   56.8252        28     1.257   1.09663
    44      16       638       622   56.5336        44   1.30358   1.11104
    45      16       652       636   56.5215        56  0.231831   1.10645
    46      16       670       654   56.8577        72  0.312033   1.10324
    47      16       685       669   56.9243        60  0.811482   1.10863
    48      16       700       684   56.9881        60  0.536958   1.10736
    49      16       716       700   57.1309        64   0.50717   1.10489
    50      16       725       709   56.7082        36   1.00275   1.10581
    51      16       743       727   57.0077        72    0.1973   1.10527
    52      16       753       737   56.6805        40   1.51666   1.11033
    53      16       770       754   56.8938        68   2.24809   1.10886
    54      16       787       771   57.0992        68   0.79845   1.10827
    55      16       803       787   57.2244        64   1.06212   1.10816
    56      16       812       796   56.8453        36   1.63488   1.10851
    57      16       821       805   56.4794        36   2.00712    1.1095
    58      16       831       815   56.1952        40  0.194628   1.11372
    59      16       853       837    56.734        88  0.859209   1.11956
2015-02-01 05:47:12.670043min lat: 0.101961 max lat: 4.12954 avg lat: 1.11582
   sec Cur ops   started  finished  avg MB/s  cur MB/s  last lat   avg lat
    60      16       862       846   56.3883        36  0.358067   1.11582
    61      16       863       847   55.5294         4   1.23782   1.11597
 Total time run:         61.531641
Total writes made:      863
Write size:             4194304
Bandwidth (MB/sec):     56.101 

Stddev Bandwidth:       17.9609
Max bandwidth (MB/sec): 88
Min bandwidth (MB/sec): 0
Average Latency:        1.13639
Stddev Latency:         0.76762
Max latency:            4.12954
Min latency:            0.101961
