 Maintaining 16 concurrent writes of 4194304 bytes for up to 60 seconds or 0 objects
 Object prefix: benchmark_data_ceph-radosbench-1_1
   sec Cur ops   started  finished  avg MB/s  cur MB/s  last lat   avg lat
     0       0         0         0         0         0         -         0
     1      16        39        23   91.9675        92  0.502831  0.478847
     2      16        67        51   101.974       112  0.579902  0.478782
     3      16        93        77   102.644       104  0.255386  0.485766
     4      16       121       105   104.979       112  0.127754  0.495132
     5      16       149       133   106.378       112  0.189172  0.456326
     6      16       176       160   106.645       108  0.117645  0.404579
     7      16       189       173   98.8382        52  0.095187  0.394336
     8      16       200       184   91.9829        44  0.216363  0.552088
     9      16       222       206   91.5387        88  0.320086  0.610561
    10      16       253       237   94.7827       124  0.672931  0.651966
    11      16       283       267   97.0734       120  0.626666  0.621258
    12      16       311       295    98.316       112  0.187064  0.601547
    13      16       336       320   98.4444       100  0.155156  0.580337
    14      16       362       346   98.8402       104  0.159517  0.614201
    15      16       387       371   98.9165       100   1.49344  0.621312
    16      16       422       406   101.483       140  0.288304  0.618047
    17      16       451       435   102.336       116  0.427795  0.605583
    18      16       482       466   103.538       124   0.32703   0.59908
    19      16       507       491   103.351       100  0.572362  0.594916
2014-12-11 01:02:31.322213min lat: 0.094321 max lat: 7.15692 avg lat: 0.603884
   sec Cur ops   started  finished  avg MB/s  cur MB/s  last lat   avg lat
    20      16       534       518   103.583       108  0.403791  0.603884
    21      16       559       543   103.412       100  0.199791  0.597895
    22      16       582       566   102.892        92  0.302356  0.601272
    23      16       615       599   104.157       132  0.360029    0.6028
    24      16       646       630   104.983       124  0.318879  0.600424
    25      16       671       655   104.783       100   0.34421  0.600458
    26      16       699       683    105.06       112  0.314909  0.598956
    27      16       728       712   105.465       116  0.834004   0.59916
    28      16       758       742   105.983       120   1.14298  0.597466
    29      16       784       768   105.914       104  0.785718  0.594231
    30      16       809       793   105.716       100  0.268041  0.587978
    31      16       829       813   104.886        80  0.167112  0.590698
    32      16       859       843   105.358       120  0.705164  0.596874
    33      16       887       871   105.559       112   1.45619  0.597737
    34      16       921       905   106.454       136   0.49545  0.597169
    35      16       943       927   105.926        88  0.931962  0.596824
    36      16       972       956   106.205       116  0.245282  0.596392
    37      16       996       980   105.929        96  0.347303  0.595016
    38      16      1020      1004   105.668        96  0.131175  0.592713
    39      16      1048      1032    105.83       112  0.605659  0.593521
2014-12-11 01:02:51.325174min lat: 0.094205 max lat: 7.15692 avg lat: 0.595022
   sec Cur ops   started  finished  avg MB/s  cur MB/s  last lat   avg lat
    40      16      1083      1067   106.683       140  0.461104  0.595022
    41      16      1111      1095   106.812       112  0.832113  0.593161
    42      16      1139      1123   106.936       112  0.223067  0.592313
    43      16      1163      1147   106.681        96  0.372201  0.594715
    44      16      1194      1178   107.074       124  0.491916  0.592458
    45      16      1211      1195   106.206        68   2.48299  0.592611
    46      16      1243      1227   106.679       128   0.19008  0.595299
    47      16      1274      1258   107.047       124  0.492367  0.594539
    48      16      1298      1282   106.817        96  0.830375  0.593862
    49      16      1328      1312   107.085       120  0.340142  0.592827
    50      16      1360      1344   107.503       128  0.283527  0.591886
    51      16      1386      1370   107.434       104  0.291747  0.591998
    52      16      1414      1398   107.522       112  0.397502  0.591541
    53      16      1445      1429   107.832       124  0.333559  0.590285
    54      16      1466      1450   107.391        84   0.47018  0.589308
    55      16      1500      1484   107.911       136  0.405447  0.590354
    56      16      1524      1508   107.698        96  0.182469  0.590593
    57      16      1548      1532   107.492        96  0.412027   0.58854
    58      16      1579      1563   107.777       124   0.42923  0.590132
    59      16      1604      1588   107.644       100  0.169639   0.58749
2014-12-11 01:03:11.328129min lat: 0.093995 max lat: 7.15692 avg lat: 0.590739
   sec Cur ops   started  finished  avg MB/s  cur MB/s  last lat   avg lat
    60      16      1631      1615    107.65       108   2.58715  0.590739
 Total time run:         60.769509
Total writes made:      1631
Write size:             4194304
Bandwidth (MB/sec):     107.356 

Stddev Bandwidth:       23.0895
Max bandwidth (MB/sec): 140
Min bandwidth (MB/sec): 0
Average Latency:        0.594982
Stddev Latency:         0.622096
Max latency:            7.15692
Min latency:            0.093995
