 Maintaining 16 concurrent writes of 4194304 bytes for up to 60 seconds or 0 objects
 Object prefix: benchmark_data_ceph-radosbench-1_1
   sec Cur ops   started  finished  avg MB/s  cur MB/s  last lat   avg lat
     0       0         0         0         0         0         -         0
     1      16        37        21   83.9699        84  0.570868  0.441123
     2      16        67        51   101.974       120  0.491925  0.529062
     3      16        95        79   105.311       112  0.956837  0.534281
     4      16       118       102    101.98        92  0.314336  0.550976
     5      16       151       135   107.979       132  0.697129  0.550042
     6      16       177       161   107.313       104  0.855336  0.546355
     7      16       204       188   107.409       108  0.699734  0.557394
     8      16       229       213   106.481       100  0.682149  0.555101
     9      16       256       240   106.648       108  0.764601  0.560173
    10      16       290       274   109.581       136  0.262327  0.568844
    11      16       319       303   110.163       116  0.444091  0.562455
    12      16       343       327   108.982        96  0.315446  0.564462
    13      16       376       360   110.751       132  0.263095  0.565707
    14      16       405       389   111.125       116   1.35276   0.56041
    15      16       426       410   109.316        84  0.384846  0.561838
    16      16       459       443   110.732       132  0.519409  0.568334
    17      16       490       474   111.512       124   1.36972  0.564497
    18      16       515       499   110.871       100  0.394942  0.560409
    19      16       543       527    110.93       112  0.294424  0.571774
2014-12-11 00:52:14.567310min lat: 0.141608 max lat: 2.87274 avg lat: 0.565679
   sec Cur ops   started  finished  avg MB/s  cur MB/s  last lat   avg lat
    20      16       568       552   110.383       100  0.320728  0.565679
    21      16       598       582    110.84       120  0.222908   0.57134
    22      16       625       609    110.71       108  0.458829  0.566135
    23      16       647       631   109.722        88    0.4272  0.566335
    24      16       668       652    108.65        84  0.099017  0.558437
    25      16       692       676   108.144        96  0.178743  0.567981
    26      16       723       707   108.753       124  0.522083   0.57452
    27      16       755       739   109.465       128   0.53327  0.578294
    28      16       781       765   109.269       104  0.281999   0.57804
    29      16       811       795   109.639       120  0.793181  0.575859
    30      16       838       822   109.583       108  0.301328  0.575925
    31      16       866       850   109.661       112  0.231851  0.578119
    32      16       890       874   109.233        96  0.311026   0.57619
    33      15       922       907   109.923       132  0.878063  0.577305
    34      16       952       936   110.101       116  0.259906  0.575106
    35      16       982       966   110.383       120  0.233429  0.572771
    36      16      1006       990   109.983        96  0.257448  0.571661
    37      16      1032      1016   109.821       104  0.220342  0.568919
    38      16      1058      1042   109.668       104  0.199804   0.56652
    39      16      1090      1074   110.137       128  0.201154  0.576569
2014-12-11 00:52:34.570154min lat: 0.09776 max lat: 3.81365 avg lat: 0.576187
   sec Cur ops   started  finished  avg MB/s  cur MB/s  last lat   avg lat
    40      16      1122      1106   110.584       128  0.493323  0.576187
    41      16      1143      1127   109.935        84  0.346994   0.57504
    42      16      1176      1160    110.46       132  0.355487  0.575609
    43      16      1204      1188   110.495       112  0.751781  0.575591
    44      16      1228      1212   110.165        96  0.868921  0.575234
    45      16      1256      1240   110.206       112  0.193095  0.572842
    46      16      1284      1268   110.244       112  0.161355  0.574073
    47      16      1309      1293   110.026       100  0.383918  0.576427
    48      16      1342      1326   110.484       132  0.269533  0.575542
    49      16      1370      1354   110.514       112  0.484268  0.575436
    50      16      1401      1385   110.784       124  0.437572  0.574465
    51      16      1429      1413   110.807       112  0.335335  0.573875
    52      16      1452      1436   110.445        92  0.639414   0.57448
    53      16      1480      1464   110.474       112  0.184165  0.574808
    54      16      1510      1494   110.651       120  0.626201  0.575774
    55      16      1541      1525   110.893       124  0.576487  0.574477
    56      16      1570      1554   110.984       116  0.303215  0.573508
    57      16      1596      1580   110.861       104  0.898793  0.574115
    58      16      1624      1608    110.88       112  0.183238  0.572649
    59      16      1645      1629   110.425        84    1.4228  0.572865
2014-12-11 00:52:54.572926min lat: 0.09776 max lat: 3.81365 avg lat: 0.57378
   sec Cur ops   started  finished  avg MB/s  cur MB/s  last lat   avg lat
    60      16      1676      1660   110.651       124  0.243046   0.57378
 Total time run:         60.669191
Total writes made:      1677
Write size:             4194304
Bandwidth (MB/sec):     110.567 

Stddev Bandwidth:       20.1344
Max bandwidth (MB/sec): 136
Min bandwidth (MB/sec): 0
Average Latency:        0.578163
Stddev Latency:         0.444543
Max latency:            3.81365
Min latency:            0.09776
