 Maintaining 16 concurrent writes of 4194304 bytes for up to 60 seconds or 0 objects
 Object prefix: benchmark_data_ceph-radosbench-1_1
   sec Cur ops   started  finished  avg MB/s  cur MB/s  last lat   avg lat
     0       0         0         0         0         0         -         0
     1      16        42        26   103.963       104   0.79929  0.368103
     2      16        74        58    115.97       128   0.44774  0.424046
     3      16       103        87   115.974       116  0.281107  0.451534
     4      16       127       111   110.978        96   0.18393  0.480419
     5      16       142       126   100.781        60  0.400532  0.512806
     6      16       168       152   101.315       104   1.94741   0.57953
     7      16       193       177   101.125       100   0.35372  0.583719
     8      16       213       197   98.4832        80  0.665718  0.593054
     9      16       226       210   93.3177        52  0.082868  0.604317
    10      16       240       224   89.5854        56  0.441356  0.638007
    11      16       257       241   87.6222        68   0.69121  0.693967
    12      16       272       256   85.3198        60   0.12528  0.699851
    13      16       291       275    84.602        76    0.3713  0.703611
    14      16       309       293   83.7013        72  0.067617  0.714256
    15      16       334       318   84.7869       100  0.340803  0.725864
    16      16       356       340    84.987        88  0.108899  0.723422
    17      16       378       362   85.1635        88  0.129163  0.719499
    18      16       399       383   85.0983        84   0.24544  0.722087
    19      16       425       409    86.092       104  0.133197   0.71135
2014-12-10 01:33:13.547062min lat: 0.067589 max lat: 2.77571 avg lat: 0.709063
   sec Cur ops   started  finished  avg MB/s  cur MB/s  last lat   avg lat
    20      16       441       425    84.987        64  0.916561  0.709063
    21      16       458       442   84.1776        68  0.106475  0.698888
    22      16       468       452   82.1692        40   1.19935  0.693707
    23      16       486       470   81.7266        72  0.200174  0.707503
    24      16       514       498    82.987       112  0.068845  0.741458
    25      16       533       517   82.7068        76  0.551785  0.748573
    26      16       562       546   83.9864       116  0.262198  0.745228
    27      16       585       569   84.2826        92  0.100517  0.745149
    28      16       601       585   83.5577        64  0.389313  0.747439
    29      16       625       609   83.9862        96  0.066257  0.742632
    30      16       638       622   82.9197        52  0.278936  0.736139
    31      16       652       636    82.051        56  0.607252  0.748454
    32      16       671       655   81.8615        76  0.067316  0.754064
    33      16       687       671     81.32        64  0.072362  0.767223
    34      16       706       690   81.1632        76   0.43286  0.769752
    35      16       738       722   82.5008       128  0.159651  0.767582
    36      16       768       752   83.5419       120   0.12295  0.760001
    37      16       786       770   83.2296        72  0.600441   0.75658
    38      16       807       791   83.2496        84  0.281841  0.756958
    39      16       822       806   82.6532        60  0.406912  0.759802
2014-12-10 01:33:33.550500min lat: 0.065866 max lat: 5.43333 avg lat: 0.757971
   sec Cur ops   started  finished  avg MB/s  cur MB/s  last lat   avg lat
    40      16       842       826   82.5866        80  0.384619  0.757971
    41      16       855       839   81.8403        52  0.730843   0.75962
    42      16       884       868   82.6532       116  0.309599  0.765272
    43      16       906       890   82.7772        88  0.283917  0.762214
    44      16       927       911   82.8048        84  0.521767  0.763732
    45      16       949       933   82.9199        88   1.18471   0.76508
    46      16       968       952   82.7692        76     1.174  0.763744
    47      16       982       966   82.1995        56  0.985695  0.765519
    48      16       999       983   81.9034        68   1.60782  0.771977
    49      16      1010       994   81.1297        44  0.200526  0.768312
    50      16      1028      1012   80.9469        72  0.346903  0.773648
    51      16      1056      1040   81.5555       112  0.131237  0.779645
    52      16      1073      1057   81.2946        68  0.408915  0.775058
    53      16      1103      1087   82.0246       120  0.595902  0.772315
    54      16      1121      1105   81.8387        72  0.281259  0.771364
    55      16      1149      1133   82.3868       112  0.105006  0.767703
    56      16      1165      1149   82.0583        64  0.402707  0.765181
    57      16      1185      1169   82.0219        80  0.244383  0.765758
    58      16      1202      1186     81.78        68  0.129312  0.764251
    59      16      1225      1209    81.953        92  0.140243  0.769703
2014-12-10 01:33:53.553679min lat: 0.064743 max lat: 5.43333 avg lat: 0.771661
   sec Cur ops   started  finished  avg MB/s  cur MB/s  last lat   avg lat
    60      16      1251      1235   82.3201       104   1.12505  0.771661
    61       6      1252      1246   81.6917        44    1.4704  0.774404
 Total time run:         61.432041
Total writes made:      1252
Write size:             4194304
Bandwidth (MB/sec):     81.521 

Stddev Bandwidth:       24.6226
Max bandwidth (MB/sec): 128
Min bandwidth (MB/sec): 0
Average Latency:        0.778342
Stddev Latency:         0.818972
Max latency:            5.43333
Min latency:            0.064743
