 Maintaining 16 concurrent writes of 4194304 bytes for up to 60 seconds or 0 objects
 Object prefix: benchmark_data_ceph-radosbench-1_1
   sec Cur ops   started  finished  avg MB/s  cur MB/s  last lat   avg lat
     0       0         0         0         0         0         -         0
     1      16        23         7   27.9866        28  0.978283  0.690199
     2      16        29        13   25.9917        24   1.88929    1.1247
     3      16        32        16   21.3274        12   2.56819   1.39434
     4      16        38        22   21.9946        24   2.69792   1.75659
     5      16        41        25   19.9953        12   2.91618   1.91129
     6      16        44        28   18.6626        12   4.04384    2.1574
     7      16        50        34   19.4245        24   3.67367   2.46761
     8      16        56        40    19.996        24   3.44263   2.64583
     9      16        62        46   20.4404        24    2.6231   2.67268
    10      16        65        49   19.5962        12   2.91331   2.69534
    11      16        71        55   19.9961        24   3.23089   2.76978
    12      16        71        55   18.3299         0         -   2.76978
    13      16        77        61   18.7657        12   3.75825   2.89725
    14      16        83        67   19.1393        24   3.18644   2.95583
    15      16        89        73    19.463        24   2.40795   2.96792
    16      16        95        79   19.7464        24   2.79812   2.95729
    17      16        98        82   19.2906        12   3.02129   2.96445
    18      16       101        85   18.8855        12   3.12353   2.97686
    19      16       101        85   17.8915         0         -   2.97686
2015-02-01 02:22:10.468432min lat: 0.172132 max lat: 5.05213 avg lat: 3.11934
   sec Cur ops   started  finished  avg MB/s  cur MB/s  last lat   avg lat
    20      16       110        94   18.7966        18    4.0735   3.11934
    21      16       116       100   19.0442        24   3.66421   3.17053
    22      16       119       103   18.7239        12   2.41625   3.16726
    23      16       125       109   18.9531        24   2.89581   3.15217
    24      16       128       112   18.6634        12   3.20238     3.157
    25      16       131       115   18.3967        12   3.31622   3.16548
    26      16       137       121   18.6121        24   3.76222   3.21102
    27      16       143       127   18.8115        24   3.18383   3.22772
    28      16       146       130   18.5682        12    3.1816   3.23134
    29      16       152       136   18.7553        24   2.79792   3.21882
    30      16       158       142   18.9299        24   3.21018   3.21939
    31      16       158       142   18.3193         0         -   3.21939
    32      16       161       145   18.1218         6   4.01651    3.2401
    33      16       170       154   18.6633        36   3.51528    3.2819
    34      16       176       160   18.8202        24   2.49336   3.28012
    35      16       179       163   18.6252        12   2.52568   3.27022
    36      16       185       169   18.7744        24   3.02606   3.26229
    37      16       188       172   18.5913        12   3.31561   3.26549
    38      16       191       175   18.4178        12   3.71292   3.27661
    39      16       197       181   18.5608        24   3.74648   3.30556
2015-02-01 02:22:30.471973min lat: 0.172132 max lat: 5.05213 avg lat: 3.31483
   sec Cur ops   started  finished  avg MB/s  cur MB/s  last lat   avg lat
    40      16       203       187   18.6967        24    3.2383   3.31483
    41      16       206       190   18.5333        12   2.83845    3.3126
    42      16       212       196   18.6634        24   2.80057   3.29863
    43      16       218       202   18.7874        24   3.19986   3.29656
    44      16       221       205   18.6331        12    3.2086   3.29822
    45      16       221       205    18.219         0         -   3.29822
    46      16       227       211   18.3446        12   4.00034   3.32856
    47      16       233       217   18.4648        24   3.60147   3.34428
    48      16       239       223     18.58        24   2.50712   3.34698
    49      16       242       226   18.4457        12   2.62811   3.33916
    50      16       248       232   18.5567        24   2.99828   3.33247
    51      16       251       235   18.4281        12   2.98816   3.33066
    52      16       254       238   18.3045        12   4.05218   3.34253
    53      16       260       244   18.4118        24   3.65658    3.3585
    54      16       266       250   18.5152        24   3.46898   3.36659
    55      16       272       256   18.6149        24   2.51644   3.35162
    56      16       275       259   18.4967        12   2.81104   3.34682
    57      16       281       265   18.5932        24    3.2066    3.3449
    58      16       281       265   18.2726         0         -    3.3449
    59      16       287       271   18.3696        12   4.07963   3.36869
2015-02-01 02:22:50.475436min lat: 0.172132 max lat: 5.05213 avg lat: 3.38008
   sec Cur ops   started  finished  avg MB/s  cur MB/s  last lat   avg lat
    60      16       293       277   18.4634        24   3.57578   3.38008
    61      14       294       280   18.3574        12   3.48605   3.38373
    62       8       294       286   18.4484        24   2.79262   3.37561
    63       2       294       292   18.5364        24   3.18703   3.37243
 Total time run:         63.422635
Total writes made:      294
Write size:             4194304
Bandwidth (MB/sec):     18.542 

Stddev Bandwidth:       8.38153
Max bandwidth (MB/sec): 36
Min bandwidth (MB/sec): 0
Average Latency:        3.37249
Stddev Latency:         0.788078
Max latency:            5.05213
Min latency:            0.172132
