 Maintaining 16 concurrent writes of 4194304 bytes for up to 60 seconds or 0 objects
 Object prefix: benchmark_data_ceph-radosbench-1_1
   sec Cur ops   started  finished  avg MB/s  cur MB/s  last lat   avg lat
     0       0         0         0         0         0         -         0
     1      16        37        21    83.955        84   0.43973  0.547214
     2      16        65        49    97.965       112  0.266657  0.475051
     3      16        92        76   101.303       108   1.00656  0.530888
     4      16       119       103   102.973       108  0.372586    0.5386
     5      16       145       129   103.175       104  0.605952  0.556352
     6      16       178       162   107.975       132   1.99646  0.561849
     7      16       201       185    105.69        92  0.235006    0.5605
     8      16       232       216   107.976       124  0.292043  0.563714
     9      16       252       236   104.866        80  0.695559  0.570207
    10      16       285       269   107.577       132  0.616784  0.575364
    11      16       315       299   108.704       120  0.227947  0.574549
    12      16       343       327   108.977       112  0.514276  0.569799
    13      16       368       352   108.285       100  0.432268  0.570611
    14      16       402       386   110.263       136  0.509573  0.572281
    15      16       425       409   109.045        92  0.650963  0.574745
    16      16       454       438   109.479       116  0.485897  0.572044
    17      16       480       464   109.155       104  0.908052  0.576596
    18      16       506       490   108.868       104  0.197682  0.572092
    19      16       538       522   109.874       128  0.475554  0.572903
2015-02-01 03:54:38.130021min lat: 0.127106 max lat: 2.35045 avg lat: 0.574204
   sec Cur ops   started  finished  avg MB/s  cur MB/s  last lat   avg lat
    20      16       564       548   109.579       104   0.75364  0.574204
    21      16       593       577   109.884       116  0.326508  0.574768
    22      16       624       608   110.524       124  0.651887  0.572138
    23      16       648       632   109.892        96   0.54854  0.573604
    24      16       679       663   110.479       124  0.426223  0.570216
    25      16       703       687     109.9        96  0.905793  0.572316
    26      16       732       716   110.134       116  0.542405  0.572018
    27      16       757       741   109.758       100  0.624165  0.574151
    28      16       789       773   110.408       128  0.330559  0.572246
    29      16       818       802   110.601       116  0.309243   0.57229
    30      16       842       826   110.113        96  0.595977  0.573242
    31      16       871       855   110.303       116  0.489759  0.572673
    32      16       902       886    110.73       124  0.803074  0.572675
    33      16       928       912   110.525       104  0.295784  0.572083
    34      16       955       939   110.451       108  0.358586  0.572781
    35      16       985       969   110.723       120  0.373733  0.571145
    36      16      1011       995   110.536       104  0.241696  0.569084
    37      16      1039      1023   110.575       112  0.520602  0.572089
    38      16      1069      1053   110.822       120  0.262338  0.570341
    39      16      1095      1079   110.647       104  0.267975  0.572604
2015-02-01 03:54:58.133275min lat: 0.102976 max lat: 2.35935 avg lat: 0.569602
   sec Cur ops   started  finished  avg MB/s  cur MB/s  last lat   avg lat
    40      16      1124      1108    110.78       116  0.191992  0.569602
    41      16      1154      1138   111.005       120   1.74237  0.570486
    42      16      1179      1163   110.742       100   1.11522  0.568826
    43      16      1209      1193   110.957       120  0.269334  0.566197
    44      16      1240      1224   111.253       124  0.283854  0.564796
    45      16      1263      1247   110.825        92   1.99364  0.569592
    46      16      1291      1275    110.85       112  0.557541  0.568548
    47      16      1319      1303   110.874       112  0.486477  0.569189
    48      16      1349      1333   111.064       120  0.295248   0.57125
    49      16      1377      1361   111.083       112  0.206098  0.568434
    50      16      1403      1387   110.941       104  0.223995  0.568805
    51      16      1432      1416    111.04       116  0.524306  0.570626
    52      16      1460      1444   111.058       112  0.178234   0.56915
    53      16      1485      1469   110.849       100  0.122196  0.571384
    54      16      1517      1501   111.166       128  0.241585  0.573259
    55      16      1546      1530   111.254       116  0.709706  0.571917
    56      16      1571      1555   111.052       100  0.329058  0.571614
    57      16      1600      1584   111.139       116  0.310442  0.571789
    58      16      1629      1613   111.222       116  0.342372  0.572046
    59      16      1650      1634   110.761        84  0.350663  0.572784
2015-02-01 03:55:18.136420min lat: 0.102976 max lat: 3.26667 avg lat: 0.572892
   sec Cur ops   started  finished  avg MB/s  cur MB/s  last lat   avg lat
    60      16      1685      1669   111.248       140  0.462865  0.572892
 Total time run:         60.499226
Total writes made:      1686
Write size:             4194304
Bandwidth (MB/sec):     111.473 

Stddev Bandwidth:       19.2254
Max bandwidth (MB/sec): 140
Min bandwidth (MB/sec): 0
Average Latency:        0.573745
Stddev Latency:         0.403167
Max latency:            3.26667
Min latency:            0.102976
