 Maintaining 16 concurrent writes of 4194304 bytes for up to 60 seconds or 0 objects
 Object prefix: benchmark_data_ceph-radosbench-1_1
   sec Cur ops   started  finished  avg MB/s  cur MB/s  last lat   avg lat
     0       0         0         0         0         0         -         0
     1      16        40        24   95.9704        96  0.436355  0.411837
     2      16        64        48   95.9776        96  0.267625  0.428743
     3      16        85        69   91.9809        84  0.067498  0.463326
     4      16       108        92   91.9822        92   2.72107  0.573988
     5      16       130       114   91.1833        88  0.114621  0.581413
     6      16       153       137   91.3164        92  0.179101  0.626561
     7      16       177       161   91.9818        96   1.19176  0.643853
     8      16       203       187    93.482       104   1.00109  0.651573
     9      16       229       213   94.6483       104  0.468816  0.611549
    10      16       250       234   93.5823        84  0.107749   0.62925
    11      16       274       258   93.8007        96  0.194216  0.636433
    12      16       299       283    94.316       100   1.65672  0.648929
    13      16       327       311   95.6746       112   0.23734  0.639882
    14      16       345       329   93.9826        72  0.109818  0.641612
    15      16       366       350   93.3161        84    1.0158  0.656465
    16      16       401       385   96.2322       140   2.85706  0.640812
    17      16       422       406   95.5117        84  0.177106  0.636534
    18      16       448       432   95.9823       104  0.182067  0.633983
    19      16       470       454   95.5615        88  0.245914  0.645468
2014-12-10 01:53:18.176134min lat: 0.066222 max lat: 3.59996 avg lat: 0.642828
   sec Cur ops   started  finished  avg MB/s  cur MB/s  last lat   avg lat
    20      16       505       489   97.7821       140   0.39212  0.642828
    21      16       518       502    95.601        52   1.65548  0.641956
    22      16       542       526   95.6185        96  0.255226  0.644322
    23      16       552       536   93.2001        40   1.75131  0.650318
    24      15       578       563    93.816       108  0.793114  0.665435
    25      16       606       590   94.3828       108  0.533388  0.667116
    26      16       638       622    95.675       128   0.49665   0.65591
    27      16       669       653   96.7233       124  0.355186  0.654403
    28      16       701       685   97.8397       128  0.512518   0.64867
    29      16       730       714   98.4652       116   1.02015   0.63711
    30      16       748       732   97.5827        72  0.140565  0.639779
    31      16       768       752   97.0151        80  0.610031  0.651599
    32      16       799       783   97.8578       124  0.995342  0.649097
    33      16       828       812    98.407       116  0.382488  0.643589
    34      16       859       843   99.1592       124  0.237576  0.636958
    35      16       888       872   99.6398       116  0.475348  0.629009
    36      16       910       894   99.3162        88  0.134814  0.628292
    37      16       931       915   98.9019        84  0.267068  0.637307
    38      16       962       946   99.5619       124  0.253414  0.633644
    39      16       992       976   100.085       120  0.279909   0.62845
2014-12-10 01:53:38.179259min lat: 0.064887 max lat: 3.59996 avg lat: 0.627416
   sec Cur ops   started  finished  avg MB/s  cur MB/s  last lat   avg lat
    40      16      1023      1007   100.683       124  0.224169  0.627416
    41      16      1043      1027   100.178        80  0.820815  0.629522
    42      15      1066      1051   100.078        96  0.316766  0.631107
    43      16      1091      1075   99.9832        96  0.163252   0.62511
    44      16      1123      1107   100.619       128  0.129706  0.628221
    45      16      1154      1138   101.139       124  0.318239  0.623923
    46      16      1176      1160   100.853        88  0.195106  0.623739
    47      16      1194      1178   100.239        72  0.271905  0.622141
    48      16      1213      1197   99.7333        76  0.069152  0.627055
    49      16      1245      1229    100.31       128  0.116252  0.632888
    50      16      1271      1255   100.383       104  0.342073  0.629064
    51      16      1292      1276   100.062        84  0.069312  0.628985
    52      16      1320      1304   100.291       112  0.065485  0.630975
    53      16      1331      1315    99.229        44  0.541976  0.633855
    54      16      1347      1331   98.5764        64   1.46803  0.640275
    55      16      1371      1355   98.5293        96  0.179784   0.63938
    56      16      1402      1386   98.9838       124  0.139248   0.63938
    57      16      1423      1407   98.7208        84  0.178291  0.641224
    58      15      1456      1441   99.3631       136  0.066907  0.636322
    59      16      1479      1463   99.1703        88  0.084472  0.638026
2014-12-10 01:53:58.182248min lat: 0.064887 max lat: 3.59996 avg lat: 0.638799
   sec Cur ops   started  finished  avg MB/s  cur MB/s  last lat   avg lat
    60      16      1502      1486   99.0505        92  0.362231  0.638799
    61       9      1503      1494   97.9512        32  0.990959  0.642305
 Total time run:         61.402396
Total writes made:      1503
Write size:             4194304
Bandwidth (MB/sec):     97.911 

Stddev Bandwidth:       26.8642
Max bandwidth (MB/sec): 140
Min bandwidth (MB/sec): 0
Average Latency:        0.649236
Stddev Latency:         0.665773
Max latency:            3.59996
Min latency:            0.064887
