 Maintaining 16 concurrent writes of 4194304 bytes for up to 60 seconds or 0 objects
 Object prefix: benchmark_data_ceph-radosbench-1_1
   sec Cur ops   started  finished  avg MB/s  cur MB/s  last lat   avg lat
     0       0         0         0         0         0         -         0
     1      15        29        14   55.9808        56  0.992232  0.585232
     2      16        45        29   57.9753        60  0.397249  0.769893
     3      16        56        40   53.3157        44  0.271335  0.868178
     4      16        71        55   54.9851        60  0.452418  0.995787
     5      16        80        64    51.188        36  0.914919   1.01674
     6      16        96        80   53.3221        64  0.474223   1.07151
     7      16       111        95   54.2748        60  0.231309   1.03917
     8      16       121       105   52.4899        40  0.333624   1.05396
     9      16       135       119   52.8793        56    1.0081   1.08114
    10      16       142       126   50.3913        28  0.404765   1.05369
    11      16       155       139   50.5367        52   1.93222   1.19201
    12      16       171       155   51.6578        64  0.785704   1.18122
    13      16       188       172   52.9142        68  0.822057   1.15017
    14      16       199       183   52.2771        44   1.67583   1.15786
    15      16       211       195   51.9916        48  0.408783    1.1718
    16      16       224       208   51.9917        52   1.14289   1.17137
    17      16       230       214   50.3447        24  0.293514   1.16265
    18      16       248       232   51.5472        72   1.65584   1.21585
    19      16       263       247   51.9918        60  0.201603   1.18686
2014-12-09 23:02:30.297555min lat: 0.170221 max lat: 4.05717 avg lat: 1.17052
   sec Cur ops   started  finished  avg MB/s  cur MB/s  last lat   avg lat
    20      16       274       258    51.592        44     1.164   1.17052
    21      16       285       269   51.2303        44  0.382754   1.17947
    22      16       301       285   51.8103        64   1.22233   1.17126
    23      16       309       293   50.9488        32   1.64821   1.18413
    24      16       319       303   50.4925        40  0.258237   1.20812
    25      16       334       318   50.8726        60   1.16777   1.23466
    26      16       348       332   51.0696        56  0.267325   1.21797
    27      16       364       348   51.5482        64  0.766203   1.20789
    28      16       381       365   52.1355        68   1.73473   1.20293
    29      16       392       376   51.8547        44  0.320623   1.20239
    30      16       398       382   50.9262        24  0.392773   1.19217
    31      16       409       393   50.7026        44  0.637021   1.21743
    32      16       421       405    50.618        48  0.316726   1.22617
    33      16       441       425   51.5081        80  0.404023   1.22076
    34      16       457       441   51.8753        64   1.10493   1.21284
    35      16       468       452   51.6501        44   1.32365   1.21322
    36      16       478       462   51.3264        40  0.417825   1.20899
    37      16       489       473   51.1283        44   1.81754   1.22799
    38      16       501       485   51.0459        48   2.04175   1.23054
    39      16       514       498   51.0702        52  0.259617   1.21555
2014-12-09 23:02:50.299662min lat: 0.108537 max lat: 4.05717 avg lat: 1.21884
   sec Cur ops   started  finished  avg MB/s  cur MB/s  last lat   avg lat
    40      16       525       509   50.8934        44   3.43465   1.21884
    41      16       538       522   50.9202        52  0.189302    1.2275
    42      16       553       537   51.1363        60  0.751728   1.22989
    43      16       566       550   51.1563        52  0.456074   1.23522
    44      16       579       563   51.1753        52   2.18718   1.23412
    45      16       595       579   51.4602        64  0.598986   1.22793
    46      16       607       591   51.3849        48   0.39303   1.22235
    47      16       618       602   51.2277        44  0.726962   1.22235
    48      16       627       611   50.9103        36  0.817544   1.22022
    49      16       641       625   51.0141        56  0.580102   1.23215
    50      16       655       639   51.1137        56   1.19802   1.23466
    51      16       668       652   51.1309        52  0.312231   1.23137
    52      16       681       665   51.1475        52  0.391044   1.22961
    53      16       700       684   51.6162        76    1.6694   1.22752
    54      16       709       693    51.327        36   1.16582    1.2292
    55      15       715       700   50.9028        28  0.777585   1.22832
    56      16       729       713   50.9223        52  0.107705    1.2301
    57      16       745       729   51.1516        64  0.258883   1.23293
    58      16       755       739   50.9593        40  0.658925   1.22996
    59      16       769       753   51.0447        56  0.280487   1.22924
2014-12-09 23:03:10.301695min lat: 0.103971 max lat: 4.05717 avg lat: 1.22341
   sec Cur ops   started  finished  avg MB/s  cur MB/s  last lat   avg lat
    60      16       783       767   51.1272        56  0.303872   1.22341
    61      13       784       771   50.5513        16  0.795804   1.22702
    62      13       784       771   49.7359         0         -   1.22702
    63      12       784       772   49.0099         2   4.42815   1.23117
 Total time run:         63.462076
Total writes made:      784
Write size:             4194304
Bandwidth (MB/sec):     49.415 

Stddev Bandwidth:       16.539
Max bandwidth (MB/sec): 80
Min bandwidth (MB/sec): 0
Average Latency:        1.28274
Stddev Latency:         0.909659
Max latency:            6.18841
Min latency:            0.103971
