 Maintaining 16 concurrent writes of 4194304 bytes for up to 60 seconds or 0 objects
 Object prefix: benchmark_data_ceph-radosbench-1_1
   sec Cur ops   started  finished  avg MB/s  cur MB/s  last lat   avg lat
     0       0         0         0         0         0         -         0
     1      16        33        17    67.977        68  0.934308  0.493044
     2      16        59        43   85.9775       104  0.166777  0.448339
     3      16        83        67   89.3135        96  0.118711  0.472763
     4      16       112        96   95.9805       116  0.415989  0.556156
     5      16       142       126   100.781       120  0.451995  0.581363
     6      16       170       154   102.647       112  0.202865  0.564997
     7      16       197       181   103.409       108  0.665483  0.558427
     8      16       227       211   105.481       120   1.22586  0.570137
     9      16       247       231   102.648        80  0.108417  0.571643
    10      16       271       255   101.982        96   0.35695  0.559121
    11      16       294       278   101.074        92  0.104189  0.532771
    12      16       316       300    99.983        88  0.123999  0.542128
    13      16       324       308   94.7534        32  0.096247  0.531962
    14      16       339       323   92.2706        60  0.125604  0.562553
    15      16       353       337   89.8523        56  0.210044  0.631873
    16      16       380       364   90.9856       108  0.164081  0.667438
    17      16       411       395   92.9265       124  0.188478  0.658807
    18      16       442       426   94.6518       124  0.477495  0.657572
    19      16       465       449   94.5116        92  0.366728  0.656379
2014-12-11 00:32:12.921033min lat: 0.093548 max lat: 5.61014 avg lat: 0.642325
   sec Cur ops   started  finished  avg MB/s  cur MB/s  last lat   avg lat
    20      16       490       474   94.7854       100  0.141727  0.642325
    21      16       513       497    94.652        92   0.10381   0.62132
    22      16       516       500    90.895        12  0.552859  0.619914
    23      16       524       508   88.3342        32  0.100832  0.637689
    24      16       528       512   85.3202        16   5.55725  0.644124
    25      16       544       528   84.4672        64  0.102791  0.680645
    26      16       571       555   85.3717       108  0.175222  0.708578
    27      16       597       581   86.0611       104  0.280267  0.710327
    28      16       617       601   85.8443        80   0.14158  0.716468
    29      16       645       629   86.7457       112  0.241579  0.709429
    30      16       664       648   86.3872        76  0.094102  0.707162
    31      16       679       663   85.5357        60  0.097268  0.698228
    32      16       685       669   83.6125        24  0.491943  0.693434
    33      16       696       680   82.4119        44  0.218221  0.708272
    34      16       727       711   83.6346       124  0.150655  0.743379
    35      16       753       737    84.216       104  0.410268  0.741486
    36      16       775       759   84.3207        88  0.226429  0.743525
    37      16       805       789   85.2845       120   1.97059  0.739093
    38      16       828       812   85.4609        92  0.149901  0.733119
    39      16       841       825   84.6027        52  0.691021   0.72708
2014-12-11 00:32:32.923951min lat: 0.093476 max lat: 5.77342 avg lat: 0.714286
   sec Cur ops   started  finished  avg MB/s  cur MB/s  last lat   avg lat
    40      16       859       843   84.2873        72  0.101073  0.714286
    41      16       860       844   82.3291         4  0.100041  0.713558
    42      16       874       858    81.702        56  0.385503  0.722349
    43      16       891       875   81.3832        68   0.09592  0.730046
    44      16       920       904   82.1695       116  0.303481  0.748406
    45      16       948       932   82.8321       112  0.218665  0.759761
    46      16       975       959    83.379       108  0.210023  0.757747
    47      16      1000       984   83.7323       100  0.121605  0.750414
    48      16      1030      1014   84.4875       120  0.151027  0.746045
    49      16      1048      1032   84.2325        72   0.10713  0.736451
    50      16      1052      1036   82.8678        16  0.094295  0.734003
    51      16      1052      1036    81.243         0         -  0.734003
    52      16      1072      1056   81.2189        40  0.111785  0.735509
    53      16      1100      1084   81.7994       112  0.189177  0.749981
    54      16      1127      1111   82.2843       108  0.161303  0.764486
    55      16      1153      1137   82.6788       104  0.127768  0.764651
    56      16      1175      1159   82.7737        88  0.115375  0.760122
    57      16      1205      1189   83.4265       120  0.159184   0.75549
    58      16      1233      1217   83.9188       112  0.219014  0.753869
    59      16      1261      1245   84.3945       112  0.363467  0.745461
2014-12-11 00:32:52.926649min lat: 0.093476 max lat: 6.15378 avg lat: 0.737285
   sec Cur ops   started  finished  avg MB/s  cur MB/s  last lat   avg lat
    60      16      1285      1269   84.5877        96  0.258911  0.737285
    61      16      1286      1270   83.2666         4  0.095347  0.736779
    62      16      1286      1270   81.9237         0         -  0.736779
    63      16      1286      1270   80.6234         0         -  0.736779
 Total time run:         63.553975
Total writes made:      1286
Write size:             4194304
Bandwidth (MB/sec):     80.939 

Stddev Bandwidth:       38.8395
Max bandwidth (MB/sec): 124
Min bandwidth (MB/sec): 0
Average Latency:        0.790602
Stddev Latency:         1.34871
Max latency:            7.20857
Min latency:            0.093476
