 Maintaining 16 concurrent writes of 4194304 bytes for up to 60 seconds or 0 objects
 Object prefix: benchmark_data_ceph-radosbench-1_1
   sec Cur ops   started  finished  avg MB/s  cur MB/s  last lat   avg lat
     0       0         0         0         0         0         -         0
     1      16        43        27   107.933       108  0.255409  0.353291
     2      16        74        58   115.954       124  0.403687  0.367079
     3      16       110        94   125.294       144   0.08319  0.374439
     4      16       135       119   118.966       100  0.473916  0.411079
     5      16       165       149   119.169       120  0.235177  0.455592
     6      16       182       166    110.64        68  0.271147  0.467696
     7      16       206       190   108.546        96  0.199979  0.516407
     8      16       239       223   111.475       132  0.254416  0.539599
     9      16       266       250   111.087       108   0.20493     0.548
    10      16       285       269   107.577        76  0.071493  0.554272
    11      16       319       303   110.159       136  0.215169  0.560395
    12      16       343       327   108.978        96  0.177597  0.561086
    13      16       375       359    110.44       128  0.118823  0.554568
    14      16       396       380    108.55        84  0.080584  0.551432
    15      16       419       403   107.446        92  0.164123  0.537821
    16      16       433       417    104.23        56  0.200887  0.525207
    17      16       454       438    103.04        84  0.305295  0.561205
    18      16       481       465   103.314       108  0.253052  0.588186
    19      16       514       498   104.823       132  0.801011    0.5991
2014-12-10 02:12:01.064590min lat: 0.066802 max lat: 4.12638 avg lat: 0.592303
   sec Cur ops   started  finished  avg MB/s  cur MB/s  last lat   avg lat
    20      16       538       522   104.381        96   1.35914  0.592303
    21      16       574       558   106.267       144  0.072226  0.585563
    22      16       604       588    106.89       120  0.073452  0.583165
    23      16       624       608   105.721        80  0.128543  0.581212
    24      16       648       632   105.315        96  0.216382  0.585892
    25      16       670       654   104.622        88  0.210137  0.576368
    26      16       689       673   103.521        76    0.1302   0.59284
    27      16       708       692   102.501        76  0.163382  0.607905
    28      16       733       717   102.403       100   1.14912  0.608271
    29      16       754       738   101.768        84  0.821516  0.616745
    30      16       785       769   102.509       124  0.849491  0.614713
    31      16       825       809   104.362       160  0.634462  0.607895
    32      16       848       832   103.976        92  0.070625  0.603605
    33      16       860       844   102.279        48  0.186202  0.604155
    34      16       876       860   101.153        64  0.160601  0.610698
    35      16       893       877   100.206        68  0.195317  0.606741
    36      16       901       885   98.3113        32  0.157932  0.619984
    37      15       921       906   97.9242        84  0.067492  0.631644
    38      16       949       933   98.1889       108  0.120188  0.640314
    39      16       981       965   98.9528       128  0.229355  0.634711
2014-12-10 02:12:21.069677min lat: 0.065679 max lat: 4.86503 avg lat: 0.635998
   sec Cur ops   started  finished  avg MB/s  cur MB/s  last lat   avg lat
    40      16      1009       993   99.2785       112  0.082668  0.635998
    41      16      1041      1025   99.9785       128  0.169557  0.631911
    42      16      1062      1046   99.5978        84  0.259518  0.624505
    43      16      1089      1073   99.7928       108   0.10357  0.628841
    44      16      1109      1093   99.3427        80  0.599645  0.629415
    45      16      1132      1116   99.1793        92   1.40456  0.629194
    46      16      1145      1129   98.1536        52  0.426345  0.636492
    47      16      1181      1165   99.1285       144  0.208862  0.638441
    48      16      1210      1194   99.4796       116  0.305748  0.633903
    49      16      1236      1220   99.5715       104   0.07381  0.629317
    50      16      1261      1245   99.5798       100   0.06889  0.631158
    51      16      1286      1270   99.5878       100  0.114692  0.632222
    52      16      1299      1283   98.6725        52   0.06951  0.632978
    53      16      1320      1304   98.3955        84  0.411295  0.633523
    54      16      1348      1332   98.6471       112  0.115237  0.643245
    55      16      1371      1355   98.5261        92  0.416917  0.639089
    56      16      1411      1395   99.6233       160  0.070564  0.630839
    57      16      1437      1421   99.6998       104  0.242676  0.633558
    58      16      1470      1454   100.256       132  0.089609  0.631779
    59      16      1505      1489    100.93       140  0.350746  0.627598
2014-12-10 02:12:41.072639min lat: 0.065425 max lat: 4.86503 avg lat: 0.624444
   sec Cur ops   started  finished  avg MB/s  cur MB/s  last lat   avg lat
    60      16      1532      1516   101.047       108  0.455755  0.624444
    61      15      1533      1518   99.5218         8  0.425809  0.623999
    62      15      1533      1518   97.9167         0         -  0.623999
    63       4      1533      1529   97.0608        22    4.8726  0.647726
 Total time run:         63.394621
Total writes made:      1533
Write size:             4194304
Bandwidth (MB/sec):     96.727 

Stddev Bandwidth:       35.4269
Max bandwidth (MB/sec): 160
Min bandwidth (MB/sec): 0
Average Latency:        0.656605
Stddev Latency:         0.878582
Max latency:            5.19938
Min latency:            0.065425
