 Maintaining 16 concurrent writes of 4194304 bytes for up to 60 seconds or 0 objects
 Object prefix: benchmark_data_ceph-radosbench-1_1
   sec Cur ops   started  finished  avg MB/s  cur MB/s  last lat   avg lat
     0       0         0         0         0         0         -         0
     1      16        25         9   35.9863        36  0.785876  0.485111
     2      16        40        24   47.9872        60  0.924635  0.923111
     3      16        49        33     43.99        36   1.21223   1.07217
     4      16        55        39   38.9924        24   1.78175   1.17076
     5      16        64        48   38.3929        36   2.28288     1.361
     6      16        71        55   36.6601        28  0.509481   1.33542
     7      16        73        57   32.5658         8  0.682899   1.31078
     8      16        78        62   30.9947        20  0.470622   1.41816
     9      16        88        72   31.9948        40  0.401172   1.57747
    10      16        95        79   31.5951        28   3.34633   1.73364
    11      16       106        90   32.7222        44   0.62813   1.77588
    12      16       116       100   33.3281        40  0.384528   1.72321
    13      16       123       107   32.9181        28  0.219164   1.71189
    14      16       123       107   30.5668         0         -   1.71189
    15      16       123       107   28.5291         0         -   1.71189
    16      16       125       109    27.246   2.66667   5.69888   1.79301
    17      16       133       117   27.5255        32    5.2487   1.99786
    18      16       149       133   29.5513        64  0.492852   2.05785
    19      16       155       139   29.2589        24  0.495991    2.0483
2015-01-13 17:52:47.217936min lat: 0.158496 max lat: 6.56761 avg lat: 2.02437
   sec Cur ops   started  finished  avg MB/s  cur MB/s  last lat   avg lat
    20      16       161       145   28.9959        24  0.499948   2.02437
    21      16       169       153   29.1388        32  0.708117   2.00771
    22      16       173       157   28.5415        16  0.943581   1.97957
    23      16       175       159   27.6484         8   1.23648   1.97286
    24      16       175       159   26.4964         0         -   1.97286
    25      16       180       164   26.2365        10  0.279457   2.04025
    26      16       191       175   26.9195        44    5.9459   2.24596
    27      16       200       184   27.2557        36  0.595641   2.21952
    28      16       206       190   27.1393        24  0.784342   2.21195
    29      16       215       199   27.4446        36   1.58933    2.2327
    30      16       225       209    27.863        40  0.294972   2.18504
    31      16       226       210   27.0932         4  0.180958    2.1755
    32      16       226       210   26.2466         0         -    2.1755
    33      16       234       218   26.4208        16    4.8894   2.24004
    34      16       244       228     26.82        40   4.80931   2.27904
    35      16       247       231   26.3965        12   4.61548   2.31131
    36      16       259       243   26.9964        48   2.63196   2.31473
    37      16       270       254   27.4558        44   1.85285   2.28962
    38      16       273       257    27.049        12   1.21378    2.2796
    39      16       279       263   26.9707        24   1.21328   2.26136
2015-01-13 17:53:07.220454min lat: 0.102005 max lat: 7.22767 avg lat: 2.26127
   sec Cur ops   started  finished  avg MB/s  cur MB/s  last lat   avg lat
    40      16       286       270   26.9964        28  0.985439   2.26127
    41      16       291       275   26.8257        20   4.77953   2.27732
    42      16       301       285   27.1392        40  0.735929   2.28895
    43      16       313       297   27.6241        48   3.63855   2.27716
    44      16       321       305   27.7235        32   2.26238   2.26061
    45      16       328       312   27.7295        28  0.800162   2.24261
    46      16       334       318   27.6484        24   1.00863    2.2331
    47      16       337       321   27.3154        12  0.888449   2.21915
    48      16       337       321   26.7464         0         -   2.21915
    49      16       347       331   27.0167        20       4.5    2.2756
    50      16       357       341   27.2763        40  0.289876   2.26296
    51      16       362       346   27.1336        20  0.280134   2.27355
    52      16       364       348   26.7656         8  0.304759   2.26244
    53      16       371       355   26.7888        28   4.30425   2.29518
    54      16       374       358   26.5149        12  0.164374    2.2794
    55      16       374       358   26.0329         0         -    2.2794
    56      16       378       362   25.8537         8  0.196461   2.31064
    57      16       389       373    26.172        44  0.393296   2.35228
    58      16       399       383   26.4103        40   0.50213   2.37381
    59      16       403       387   26.2338        16   2.77711   2.37648
2015-01-13 17:53:27.222958min lat: 0.102005 max lat: 7.22767 avg lat: 2.3588
   sec Cur ops   started  finished  avg MB/s  cur MB/s  last lat   avg lat
    60      16       410       394   26.2632        28  0.290343    2.3588
    61      16       410       394   25.8327         0         -    2.3588
    62      16       410       394    25.416         0         -    2.3588
    63      16       410       394   25.0126         0         -    2.3588
    64      16       410       394   24.6218         0         -    2.3588
 Total time run:         64.608797
Total writes made:      410
Write size:             4194304
Bandwidth (MB/sec):     25.384 

Stddev Bandwidth:       16.6199
Max bandwidth (MB/sec): 64
Min bandwidth (MB/sec): 0
Average Latency:        2.51997
Stddev Latency:         2.08041
Max latency:            7.83033
Min latency:            0.102005
