 Maintaining 16 concurrent writes of 4194304 bytes for up to 60 seconds or 0 objects
 Object prefix: benchmark_data_ceph-radosbench-1_1
   sec Cur ops   started  finished  avg MB/s  cur MB/s  last lat   avg lat
     0       0         0         0         0         0         -         0
     1      16        20         4   15.9946        16  0.636057  0.519988
     2      16        26        10   19.9955        24   1.55932   1.00931
     3      16        32        16   21.3293        24   2.85027   1.56516
     4      16        32        16   15.9972         0         -   1.56516
     5      16        35        19   15.1976         6   4.22093   2.00662
     6      16        38        22   14.6645        12   4.69424   2.39446
     7      16        44        28   15.9978        24   4.61854   2.91717
     8      16        50        34   16.9978        24   2.88751   3.12342
     9      16        53        37   16.4424        12   2.62282   3.10829
    10      16        56        40    15.998        12   2.99486   3.11085
    11      16        62        46   16.7253        24   3.59076   3.17947
    12      16        62        46   15.3315         0         -   3.17947
    13      16        62        46   14.1522         0         -   3.17947
    14      16        62        46   13.1414         0         -   3.17947
    15      16        62        46   12.2653         0         -   3.17947
    16      16        65        49   12.2487       2.4    7.7132   3.46657
    17      16        71        55   12.9398        24   7.44836   3.94853
    18      16        77        61   13.5541        24   6.90697   4.27576
    19      16        80        64   13.4722        12   3.13465   4.29417
2015-01-13 17:48:55.488107min lat: 0.191201 max lat: 8.50202 avg lat: 4.24954
   sec Cur ops   started  finished  avg MB/s  cur MB/s  last lat   avg lat
    20      16        83        67   13.3986        12   3.03413   4.24954
    21      16        89        73   13.9033        24   3.62654   4.20109
    22      16        89        73   13.2713         0         -   4.20109
    23      16        89        73   12.6943         0         -   4.20109
    24      16        89        73   12.1654         0         -   4.20109
    25      16        95        79   12.6387         6   6.28869    4.3854
    26      16       101        85   13.0756        24   5.66455   4.50626
    27      16       107        91   13.4801        24   2.63707   4.51686
    28      16       110        94   13.4272        12   2.65021   4.46305
    29      16       116       100   13.7917        24   3.20685   4.38482
    30      16       119       103   13.7319        12   3.72749   4.36962
    31      16       119       103   13.2889         0         -   4.36962
    32      16       119       103   12.8737         0         -   4.36962
    33      16       119       103   12.4835         0         -   4.36962
    34      16       125       109   12.8222         6   6.20421   4.48519
    35      16       131       115   13.1415        24   5.58763   4.56528
    36      16       137       121   13.4431        24   2.80073   4.57743
    37      16       140       124    13.404        12   3.02971   4.54364
    38      16       143       127    13.367        12   3.39181   4.51945
    39      16       146       130    13.332        12   3.76758   4.50505
2015-01-13 17:49:15.490065min lat: 0.191201 max lat: 8.50202 avg lat: 4.50505
   sec Cur ops   started  finished  avg MB/s  cur MB/s  last lat   avg lat
    40      16       146       130   12.9987         0         -   4.50505
    41      16       146       130   12.6816         0         -   4.50505
    42      16       149       133   12.6654         4   6.07613   4.54611
    43      16       155       139   12.9289        24    6.2541   4.63465
    44      16       161       145   13.1805        24   5.72358   4.69688
    45      16       161       145   12.8876         0         -   4.69688
    46      16       164       148   12.8683         6   3.94471   4.70233
    47      16       170       154   13.1051        24   3.91756   4.67763
    48      16       170       154    12.832         0         -   4.67763
    49      16       170       154   12.5702         0         -   4.67763
    50      16       170       154   12.3188         0         -   4.67763
    51      16       173       157   12.3125         3   6.51791   4.71624
    52      16       182       166    12.768        36   5.78777   4.81911
    53      16       185       169   12.7535        12   5.56904   4.83627
    54      16       188       172   12.7395        12   3.16502   4.82535
    55      16       194       178   12.9442        24   3.42695   4.77908
    56      16       197       181   12.9273        12   3.73863   4.76449
    57      16       197       181   12.7005         0         -   4.76449
    58      16       197       181   12.4815         0         -   4.76449
    59      16       197       181     12.27         0         -   4.76449
2015-01-13 17:49:35.491840min lat: 0.191201 max lat: 8.50202 avg lat: 4.84767
   sec Cur ops   started  finished  avg MB/s  cur MB/s  last lat   avg lat
    60      16       206       190   12.6654         9   5.91646   4.84767
    61      16       207       191   12.5234         4   6.39549   4.85578
    62      16       207       191   12.3214         0         -   4.85578
    63      16       207       191   12.1258         0         -   4.85578
    64      16       207       191   11.9363         0         -   4.85578
 Total time run:         64.111644
Total writes made:      207
Write size:             4194304
Bandwidth (MB/sec):     12.915 

Stddev Bandwidth:       10.2602
Max bandwidth (MB/sec): 36
Min bandwidth (MB/sec): 0
Average Latency:        4.95524
Stddev Latency:         1.90375
Max latency:            9.2705
Min latency:            0.191201
