 Maintaining 16 concurrent writes of 4194304 bytes for up to 60 seconds or 0 objects
 Object prefix: benchmark_data_ceph-radosbench-1_1
   sec Cur ops   started  finished  avg MB/s  cur MB/s  last lat   avg lat
     0       0         0         0         0         0         -         0
     1      16        31        15   59.9784        60  0.454067  0.376135
     2      16        60        44   87.9761       116  0.068549  0.553498
     3      16        73        57   75.9825        52  0.153499  0.567284
     4      16        99        83   82.9828       104  0.238604  0.660824
     5      16       125       109    87.183       104  0.309516   0.63912
     6      16       142       126   83.9836        68  0.092929  0.673005
     7      16       155       139   79.4136        52  0.297476  0.672075
     8      16       166       150   74.9864        44  0.604451  0.706742
     9      16       178       162   71.9873        48  0.444364  0.774822
    10      16       200       184   73.5873        88  0.264985  0.816678
    11      16       229       213   77.4414       116  0.285852  0.793564
    12      16       245       229   76.3204        64  0.067262  0.780938
    13      16       259       243   74.7566        56  0.922171  0.792437
    14      16       269       253   72.2736        40   2.17798  0.827702
    15      16       287       271   72.2549        72  0.071923  0.847758
    16      16       302       286   71.4885        60  0.381277  0.827091
    17      16       322       306   71.9885        80  0.292635  0.834391
    18      16       340       324   71.9885        72   1.84185  0.858348
    19      16       360       344   72.4095        80  0.420902   0.84876
2014-12-10 01:12:17.104774min lat: 0.065954 max lat: 3.51819 avg lat: 0.836478
   sec Cur ops   started  finished  avg MB/s  cur MB/s  last lat   avg lat
    20      16       383       367   73.3883        92  0.540127  0.836478
    21      16       404       388    73.893        84  0.592242  0.847092
    22      16       424       408   74.1701        80  0.185004  0.835905
    23      16       444       428   74.4231        80  0.108251  0.827588
    24      16       455       439   73.1553        44  0.271388  0.829612
    25      16       473       457   73.1087        72   1.95596  0.848149
    26      16       491       475   73.0657        72  0.066986  0.850628
    27      16       511       495   73.3221        80  0.134175  0.847651
    28      16       535       519   74.1315        96  0.070006  0.844471
    29      16       550       534   73.6439        60  0.262019  0.842182
    30      16       560       544   72.5223        40  0.293191   0.85161
    31      16       570       554    71.473        40  0.095796  0.858081
    32      16       581       565   70.6143        44  0.311358  0.861893
    33      16       589       573    69.444        32  0.064724  0.864739
    34      16       611       595   69.9894        88    0.3409  0.883811
    35      16       633       617   70.5036        88  0.437044  0.888647
    36      16       648       632   70.2117        60  0.066843  0.888096
    37      16       662       646   69.8274        56  0.133464  0.891116
    38      16       682       666   70.0948        80   0.33184  0.891557
    39      16       688       672   68.9128        24  0.532875  0.885938
2014-12-10 01:12:37.107528min lat: 0.064724 max lat: 4.16614 avg lat: 0.90436
   sec Cur ops   started  finished  avg MB/s  cur MB/s  last lat   avg lat
    40      16       699       683   68.2898        44  0.067452   0.90436
    41      16       712       696   67.8923        52  0.449658  0.914912
    42      16       734       718   68.3708        88  0.666806   0.92265
    43      16       751       735    68.362        68  0.205897  0.922334
    44      16       763       747   67.8991        48  0.374813  0.919882
    45      16       777       761   67.6345        56  0.848363  0.918881
    46      16       789       773   67.2075        48  0.093418  0.922504
    47      16       804       788    67.054        60  0.190449  0.917687
    48      16       817       801   66.7402        52  0.337957  0.909597
    49      16       833       817   66.6841        64  0.858322  0.937782
    50      15       855       840   67.1901        92  0.069389  0.940366
    51      16       874       858   67.2843        72  0.610056  0.933989
    52      16       891       875   67.2979        68   1.07475  0.936464
    53      16       915       899   67.8392        96  0.346484  0.937632
    54      16       927       911   67.4717        48   1.04436  0.936266
    55      16       942       926   67.3357        60  0.097893  0.930358
    56      16       957       941   67.2045        60  0.291122  0.937802
    57      16       973       957   67.1481        64  0.095668  0.936273
    58      16       991       975   67.2316        72  0.204159  0.941915
    59      16      1023      1007   68.2612       128  0.678304  0.933935
2014-12-10 01:12:57.110357min lat: 0.064724 max lat: 5.25837 avg lat: 0.929059
   sec Cur ops   started  finished  avg MB/s  cur MB/s  last lat   avg lat
    60      16      1037      1021   68.0567        56  0.961066  0.929059
    61      16      1038      1022   67.0066         4  0.143311   0.92829
 Total time run:         61.145880
Total writes made:      1038
Write size:             4194304
Bandwidth (MB/sec):     67.903 

Stddev Bandwidth:       24.4197
Max bandwidth (MB/sec): 128
Min bandwidth (MB/sec): 0
Average Latency:        0.942249
Stddev Latency:         0.922648
Max latency:            5.25837
Min latency:            0.064724
