 Maintaining 16 concurrent writes of 4194304 bytes for up to 60 seconds or 0 objects
 Object prefix: benchmark_data_ceph-radosbench-1_1
   sec Cur ops   started  finished  avg MB/s  cur MB/s  last lat   avg lat
     0       0         0         0         0         0         -         0
     1      16        40        24   95.9657        96  0.406601  0.375504
     2      16        69        53   105.973       116  0.125328  0.351861
     3      16        93        77   102.644        96  0.462289  0.294078
     4      16       115        99     98.98        88  0.136378  0.486451
     5      16       143       127    101.58       112  0.209152   0.53216
     6      16       172       156   103.979       116  0.259275  0.530161
     7      16       193       177   101.123        84  0.116862  0.564766
     8      16       228       212    105.98       140   0.15949  0.578072
     9      16       257       241   107.091       116  0.757093  0.578871
    10      16       283       267   106.781       104  0.262751  0.566698
    11      16       313       297   107.981       120  0.393183  0.563564
    12      16       338       322   107.314       100  0.199146  0.563736
    13      16       368       352   108.288       120  0.537127   0.56634
    14      16       394       378   107.981       104  0.236483  0.573417
    15      16       424       408   108.781       120  0.679493  0.579871
    16      16       451       435   108.731       108  0.969233  0.575407
    17      16       481       465   109.393       120  0.597362  0.575585
    18      16       507       491   109.093       104  0.469211  0.576498
    19      16       527       511   107.561        80  0.672891  0.574717
2014-12-11 01:13:14.044044min lat: 0.093259 max lat: 3.52798 avg lat: 0.577314
   sec Cur ops   started  finished  avg MB/s  cur MB/s  last lat   avg lat
    20      16       556       540   107.982       116  0.155927  0.577314
    21      16       583       567   107.982       108  0.281036  0.574388
    22      16       617       601   109.255       136  0.232257  0.578012
    23      16       646       630   109.547       116  0.382283  0.574936
    24      16       673       657   109.482       108  0.634999  0.579963
    25      16       701       685   109.582       112  0.331838  0.575647
    26      16       726       710   109.213       100  0.330778  0.575618
    27      16       755       739   109.464       116  0.295938  0.575145
    28      16       784       768   109.696       116  0.294001  0.577672
    29      16       813       797   109.913       116  0.311528  0.575105
    30      16       843       827   110.249       120  0.232758  0.571306
    31      16       869       853   110.047       104  0.311265  0.567565
    32      16       897       881   110.107       112  0.458661  0.568418
    33      16       923       907   109.922       104  0.512211   0.57209
    34      16       949       933   109.747       104  0.172825  0.573358
    35      16       974       958   109.468       100  0.156729  0.575182
    36      16      1009       993   110.316       140  0.355055   0.57557
    37      16      1034      1018   110.037       100  0.472586     0.574
    38      16      1064      1048   110.298       120  0.263208  0.573567
    39      16      1092      1076   110.342       112  0.534975   0.57419
2014-12-11 01:13:34.046968min lat: 0.093259 max lat: 3.67411 avg lat: 0.572591
   sec Cur ops   started  finished  avg MB/s  cur MB/s  last lat   avg lat
    40      16      1121      1105   110.483       116  0.667771  0.572591
    41      16      1143      1127   109.934        88  0.343934  0.573189
    42      16      1178      1162   110.649       140  0.560884   0.57465
    43      15      1199      1184   110.122        88   1.37705  0.576589
    44      16      1226      1210   109.983       104  0.385435  0.577351
    45      16      1255      1239   110.116       116  0.948304  0.577074
    46      16      1282      1266    110.07       108   0.55698  0.576258
    47      16      1305      1289   109.685        92  0.566037  0.576049
    48      16      1335      1319     109.9       120  0.245378  0.574623
    49      16      1364      1348   110.024       116  0.321853  0.577374
    50      16      1397      1381   110.463       132  0.339034  0.576311
    51      16      1423      1407   110.336       104   1.14576  0.575957
    52      16      1449      1433   110.214       104  0.452613  0.576139
    53      16      1479      1463   110.398       120  0.684986  0.576298
    54      16      1508      1492   110.501       116  0.185739  0.573982
    55      16      1529      1513   110.019        84  0.429818  0.573997
    56      16      1557      1541   110.055       112  0.161932  0.571744
    57      16      1589      1573   110.369       128   1.30684  0.574464
    58      16      1620      1604   110.604       124  0.214245  0.575091
    59      16      1646      1630   110.492       104   1.15203  0.575969
2014-12-11 01:13:54.049859min lat: 0.093259 max lat: 3.67411 avg lat: 0.575462
   sec Cur ops   started  finished  avg MB/s  cur MB/s  last lat   avg lat
    60      16      1677      1661   110.716       124   0.43064  0.575462
 Total time run:         60.812241
Total writes made:      1677
Write size:             4194304
Bandwidth (MB/sec):     110.307 

Stddev Bandwidth:       19.6013
Max bandwidth (MB/sec): 140
Min bandwidth (MB/sec): 0
Average Latency:        0.579725
Stddev Latency:         0.486329
Max latency:            3.67411
Min latency:            0.093259
