 Maintaining 16 concurrent writes of 4194304 bytes for up to 60 seconds or 0 objects
 Object prefix: benchmark_data_ceph-radosbench-1_1
   sec Cur ops   started  finished  avg MB/s  cur MB/s  last lat   avg lat
     0       0         0         0         0         0         -         0
     1      16        22         6   23.9244        24  0.986205  0.651868
     2      16        29        13   25.9565        28    1.9431   1.18872
     3      16        35        19   25.3038        24   2.17189   1.54626
     4      16        41        25   24.9772        24   2.38761   1.77902
     5      16        44        28   22.3829        12   2.63638   1.88211
     6      16        50        34   22.6517        24   3.21685   2.11252
     7      16        53        37   21.1304        12   3.22852   2.21708
     8      16        59        43   21.4885        24   3.27443   2.40898
     9      16        65        49   21.7671        24   2.69231   2.48828
    10      16        71        55   21.9899        24   2.19451   2.49797
    11      16        77        61   22.1723        24   2.62801   2.51172
    12      16        80        64   21.3247        12   2.93372   2.53671
    13      16        83        67   20.6074        12   3.22327   2.57251
    14      16        89        73   20.8495        24   3.54971   2.67839
    15      16        95        79   21.0592        24   3.04431   2.73242
    16      16       101        85   21.2428        24   2.34083   2.74709
    17      16       107        91   21.4047        24   2.81033   2.75147
    18      16       110        94   20.8822        12   3.01572   2.76359
    19      16       113        97   20.4147        12   3.00394   2.77688
2015-01-13 08:01:15.770024min lat: 0.179664 max lat: 4.36417 avg lat: 2.8284
   sec Cur ops   started  finished  avg MB/s  cur MB/s  last lat   avg lat
    20      16       119       103   20.5938        24   3.33861    2.8284
    21      16       125       109   20.7557        24   2.94573   2.85064
    22      16       131       115    20.903        24   2.35377   2.85461
    23      16       137       121   21.0375        24   2.80108   2.85281
    24      16       140       124   20.6609        12   3.03875   2.86008
    25      16       143       127   20.3144        12    3.1313   2.87072
    26      16       149       133    20.456        24   3.48195   2.91024
    27      16       155       139   20.5871        24   3.04207    2.9291
    28      16       161       145   20.7088        24   2.44407   2.93137
    29      16       164       148   20.4085        12   2.63523   2.92781
    30      16       170       154   20.5281        24   3.21606   2.93756
    31      16       173       157    20.253        12   3.46031   2.95113
    32      16       182       166   20.7448        36   2.89731   2.97375
    33      16       188       172   20.8426        24   2.34669   2.96444
    34      16       191       175   20.5825        12   2.45521   2.95878
    35      16       197       181     20.68        24   3.02976   2.96079
    36      16       200       184   20.4389        12   3.32296   2.96852
    37      16       203       187   20.2108        12   3.93266   2.98699
    38      16       209       193   20.3104        24    3.3756   3.01003
    39      16       215       199   20.4049        24   2.85921   3.01593
2015-01-13 08:01:35.774332min lat: 0.179664 max lat: 4.5034 avg lat: 3.00486
   sec Cur ops   started  finished  avg MB/s  cur MB/s  last lat   avg lat
    40      16       221       205   20.4947        24   2.50102   3.00486
    41      16       224       208   20.2875        12   2.79906    3.0037
    42      16       230       214   20.3758        24   3.22719   3.01013
    43      16       233       217    20.181        12   3.33295   3.01711
    44      16       239       223   20.2677        24   3.21255   3.03228
    45      16       248       232   20.6171        36   2.47721   3.02973
    46      16       251       235   20.4298        12   2.22586   3.02294
    47      16       257       241   20.5056        24   2.81336   3.01689
    48      16       260       244   20.3284        12   3.02404   3.01828
    49      16       263       247   20.1584        12   3.22148   3.02215
    50      16       269       253   20.2352        24   3.60331   3.04431
    51      16       278       262   20.5442        36   2.88335    3.0525
    52      16       281       265   20.3798        12   2.18221   3.04745
    53      16       287       271   20.4481        24   2.80202   3.04131
    54      16       290       274   20.2916        12   3.02294    3.0423
    55      16       293       277   20.1408        12   3.23343   3.04553
    56      16       299       283   20.2097        24   3.49586   3.06279
    57      16       308       292   20.4866        36   2.89605   3.06775
    58      16       311       295   20.3402        12   2.37193   3.06462
    59      16       317       301   20.4022        24   2.91526   3.06102
2015-01-13 08:01:55.777407min lat: 0.179664 max lat: 4.5034 avg lat: 3.06366
   sec Cur ops   started  finished  avg MB/s  cur MB/s  last lat   avg lat
    60      16       320       304   20.2621        12   3.21986   3.06366
    61      14       321       307   20.1267        12   3.31902   3.06772
    62       8       321       313   20.1891        24   3.39479   3.08012
 Total time run:         62.991608
Total writes made:      321
Write size:             4194304
Bandwidth (MB/sec):     20.384 

Stddev Bandwidth:       7.56795
Max bandwidth (MB/sec): 36
Min bandwidth (MB/sec): 0
Average Latency:        3.08164
Stddev Latency:         0.635674
Max latency:            4.5034
Min latency:            0.179664
