 Maintaining 16 concurrent writes of 4194304 bytes for up to 60 seconds or 0 objects
 Object prefix: benchmark_data_ceph-radosbench-1_1
   sec Cur ops   started  finished  avg MB/s  cur MB/s  last lat   avg lat
     0       0         0         0         0         0         -         0
     1      16        44        28   111.967       112  0.416781  0.277291
     2      16        64        48   95.9769        80    1.5147    0.3127
     3      16        83        67   89.3145        76  0.371369  0.327285
     4      16       108        92    91.982       100  0.697139  0.584137
     5      16       141       125   99.9804       132  0.372635  0.583123
     6      16       172       156    103.98       124  0.072071  0.558251
     7      16       188       172   98.2679        64  0.726427  0.579141
     8      16       220       204    101.98       128  0.066974  0.597901
     9      16       249       233   103.536       116   0.51615  0.584708
    10      16       266       250   99.9817        68  0.198267  0.591495
    11      16       297       281   102.163       124  0.076051  0.594328
    12      16       334       318   105.981       148  0.085515   0.59034
    13      16       367       351   107.981       132  0.166998  0.578751
    14      16       386       370   105.696        76  0.154897  0.572018
    15      16       400       384   102.383        56  0.100292  0.565246
    16      16       420       404   100.983        80  0.329154  0.578478
    17      16       436       420    98.807        64  0.396145  0.564344
    18      16       464       448   99.5389       112  0.263063  0.598747
    19      16       492       476   100.194       112  0.179347  0.614879
2014-12-10 02:02:52.170524min lat: 0.066316 max lat: 4.72068 avg lat: 0.622772
   sec Cur ops   started  finished  avg MB/s  cur MB/s  last lat   avg lat
    20      16       519       503   100.583       108  0.202534  0.622772
    21      16       547       531   101.126       112  0.279678  0.612294
    22      16       581       565   102.711       136  0.115808  0.608524
    23      15       610       595   103.461       120  0.109548  0.597984
    24      16       637       621   103.483       104  0.099695  0.598693
    25      16       662       646   103.343       100  0.679492  0.597706
    26      16       679       663   101.984        68   2.66347  0.600882
    27      16       698       682   101.012        76   2.34027  0.618241
    28      16       725       709   101.261       108   1.69367  0.621012
    29      16       749       733   101.079        96   1.46433  0.623123
    30      16       777       761   101.442       112   0.37752  0.619239
    31      16       810       794   102.427       132  0.843202  0.616917
    32      15       843       828   103.476       136  0.201015  0.611469
    33      16       857       841   101.916        52   0.76623  0.609654
    34      16       865       849   99.8593        32    1.0609   0.61381
    35      16       877       861   98.3773        48  0.070546  0.613088
    36      16       898       882   97.9773        84   0.09895  0.628756
    37      16       922       906   97.9186        96  0.208981    0.6428
    38      15       948       933   98.1833       108  0.083127  0.642634
    39      16       977       961   98.5371       112   0.19418  0.640751
2014-12-10 02:03:12.178051min lat: 0.064462 max lat: 4.72068 avg lat: 0.638099
   sec Cur ops   started  finished  avg MB/s  cur MB/s  last lat   avg lat
    40      16      1001       985   98.4734        96  0.151134  0.638099
    41      16      1023      1007   98.2176        88  0.103088  0.631515
    42      16      1037      1021   97.2122        56  0.126415  0.639977
    43      16      1058      1042   96.9046        84  0.112855  0.641045
    44      16      1082      1066   96.8829        96  0.406814  0.650481
    45      16      1107      1091   96.9514       100  0.121816  0.649534
    46      16      1139      1123   97.6259       128  0.222112  0.647349
    47      16      1170      1154   98.1865       124  0.409871   0.64154
    48      16      1194      1178   98.1405        96   2.21859  0.641276
    49      16      1222      1206   98.4229       112  0.219211  0.637998
    50      16      1242      1226   98.0541        80  0.113078  0.641694
    51      16      1266      1250   98.0135        96  0.080773  0.639492
    52      16      1278      1262   97.0517        48   0.07007  0.644008
    53      16      1290      1274   96.1261        48  0.098151  0.645035
    54      16      1321      1305   96.6419       124   0.83422  0.648143
    55      16      1353      1337   97.2117       128  0.486884  0.652424
    56      16      1381      1365   97.4753       112   0.11339  0.646999
    57      16      1422      1406   98.6419       164  0.331415  0.642719
    58      15      1449      1434   98.8719       112  0.248953  0.639979
    59      16      1488      1472   99.7718       152  0.158391  0.636388
2014-12-10 02:03:32.182028min lat: 0.064462 max lat: 4.72068 avg lat: 0.634493
   sec Cur ops   started  finished  avg MB/s  cur MB/s  last lat   avg lat
    60      16      1511      1495   99.6421        92  0.250223  0.634493
    61      16      1512      1496   98.0743         4  0.379207  0.634322
    62      16      1512      1496   96.4927         0         -  0.634322
 Total time run:         62.929346
Total writes made:      1512
Write size:             4194304
Bandwidth (MB/sec):     96.108 

Stddev Bandwidth:       35.129
Max bandwidth (MB/sec): 164
Min bandwidth (MB/sec): 0
Average Latency:        0.665839
Stddev Latency:         0.854064
Max latency:            4.72068
Min latency:            0.064462
