 Maintaining 16 concurrent writes of 4194304 bytes for up to 60 seconds or 0 objects
 Object prefix: benchmark_data_ceph-radosbench-1_1
   sec Cur ops   started  finished  avg MB/s  cur MB/s  last lat   avg lat
     0       0         0         0         0         0         -         0
     1      16        33        17    67.976        68  0.822573  0.312035
     2      16        57        41   81.9783        96  0.554938  0.506202
     3      16        87        71   94.6452       120  0.738805  0.557647
     4      15       112        97   96.9801       104  0.377326  0.564768
     5      16       142       126    100.78       116  0.659812  0.593949
     6      16       170       154   102.646       112  0.583084  0.578281
     7      16       197       181   103.409       108  0.159733  0.586328
     8      16       225       209   104.481       112   0.25513  0.575191
     9      16       253       237   105.314       112  0.446236  0.571534
    10      16       280       264   105.582       108  0.436977  0.579248
    11      16       306       290   105.436       104  0.396431  0.580855
    12      16       333       317   105.649       108  0.226108  0.565162
    13      16       364       348   107.059       124  0.176014  0.580691
    14      16       391       375   107.125       108  0.511784  0.581627
    15      16       420       404   107.716       116  0.652888  0.579022
    16      16       448       432   107.982       112  0.317038  0.575049
    17      16       479       463   108.924       124  0.249797  0.576377
    18      16       503       487   108.205        96  0.346467  0.574005
    19      16       530       514   108.193       108  0.380226  0.577781
2014-12-11 01:20:20.470728min lat: 0.095774 max lat: 2.90107 avg lat: 0.578871
   sec Cur ops   started  finished  avg MB/s  cur MB/s  last lat   avg lat
    20      16       559       543   108.583       116   0.33665  0.578871
    21      16       588       572   108.935       116   0.34008  0.577793
    22      16       616       600   109.074       112  0.765001  0.578731
    23      16       643       627   109.026       108  0.329877  0.574092
    24      16       671       655    109.15       112  0.947629  0.578523
    25      16       700       684   109.423       116  0.567064   0.57529
    26      16       724       708   108.906        96  0.228015  0.568147
    27      16       742       726   107.539        72  0.159858  0.570663
    28      16       763       747   106.698        84  0.141846  0.572164
    29      16       787       771   106.328        96  0.187318  0.577407
    30      16       816       800    106.65       116   1.03131  0.588084
    31      16       849       833   107.467       132   1.16153  0.590051
    32      16       877       861   107.608       112  0.254999  0.588607
    33      16       908       892   108.105       124   0.64259  0.587504
    34      16       930       914   107.513        88    1.0612  0.587472
    35      16       957       941   107.526       108  0.288867  0.583043
    36      16       982       966   107.317       100  0.218353  0.581008
    37      16      1013       997   107.767       124  0.417036  0.583272
    38      16      1045      1029   108.299       128  0.521147  0.586983
    39      16      1074      1058   108.496       116   0.48252  0.585524
2014-12-11 01:20:40.473641min lat: 0.094188 max lat: 4.04196 avg lat: 0.586184
   sec Cur ops   started  finished  avg MB/s  cur MB/s  last lat   avg lat
    40      16      1100      1084   108.383       104  0.223196  0.586184
    41      16      1126      1110   108.276       104  0.340314  0.584797
    42      16      1156      1140   108.555       120  0.918146  0.585893
    43      16      1182      1166   108.448       104  0.294028  0.583037
    44      16      1207      1191   108.256       100  0.171092  0.582995
    45      16      1240      1224   108.783       132  0.479263  0.584614
    46      16      1268      1252   108.853       112  0.678885  0.584987
    47      16      1290      1274   108.409        88  0.658452  0.584106
    48      16      1326      1310    109.15       144  0.225096  0.583201
    49      16      1350      1334   108.881        96   1.19403  0.583834
    50      16      1376      1360   108.783       104   1.15762   0.58357
    51      16      1399      1383   108.454        92   0.23106  0.581763
    52      16      1428      1412   108.599       116  0.301998  0.581083
    53      16      1457      1441   108.738       116  0.340578  0.582832
    54      16      1490      1474   109.169       132   0.52923  0.582423
    55      16      1519      1503   109.292       116  0.526688  0.581586
    56      16      1546      1530   109.269       108   1.06991  0.581669
    57      16      1572      1556   109.176       104   0.52979  0.580886
    58      16      1600      1584   109.225       112  0.552654  0.581154
    59      16      1624      1608       109        96   0.15825  0.582185
2014-12-11 01:21:00.476638min lat: 0.094188 max lat: 4.04196 avg lat: 0.577991
   sec Cur ops   started  finished  avg MB/s  cur MB/s  last lat   avg lat
    60      16      1655      1639    109.25       124  0.463607  0.577991
 Total time run:         60.649855
Total writes made:      1656
Write size:             4194304
Bandwidth (MB/sec):     109.217 

Stddev Bandwidth:       19.6024
Max bandwidth (MB/sec): 144
Min bandwidth (MB/sec): 0
Average Latency:        0.584541
Stddev Latency:         0.521945
Max latency:            4.04196
Min latency:            0.094188
