 Maintaining 16 concurrent writes of 4194304 bytes for up to 60 seconds or 0 objects
 Object prefix: benchmark_data_ceph-radosbench-1_1
   sec Cur ops   started  finished  avg MB/s  cur MB/s  last lat   avg lat
     0       0         0         0         0         0         -         0
     1      16        40        24    95.971        96  0.427509  0.369847
     2      16        68        52   103.977       112  0.165969  0.346605
     3      16        92        76   101.314        96   0.20321  0.291902
     4      15       115       100   99.9822        96   2.34277  0.550282
     5      16       139       123    98.383        92  0.237088  0.590082
     6      16       169       153   101.982       120  0.931494  0.585984
     7      16       201       185   105.696       128   0.47135  0.568554
     8      16       228       212   105.982       108  0.324547  0.566211
     9      16       256       240   106.649       112   2.14328   0.57236
    10      16       281       265   105.983       100  0.421881  0.583361
    11      16       311       295   107.256       120  0.332799  0.578413
    12      16       341       325   108.316       120  0.729822  0.579875
    13      16       369       353   108.598       112  0.333628  0.576687
    14      16       395       379   108.269       104  0.223424  0.576306
    15      16       420       404   107.717       100  0.294609  0.572914
    16      16       448       432   107.984       112  0.658335  0.578867
    17      16       475       459   107.984       108  0.326811  0.577641
    18      16       507       491   109.095       128  0.286712  0.575157
    19      16       537       521   109.668       120  0.195948   0.57138
2014-12-11 02:22:37.084723min lat: 0.098092 max lat: 3.74317 avg lat: 0.569286
   sec Cur ops   started  finished  avg MB/s  cur MB/s  last lat   avg lat
    20      16       563       547   109.384       104  0.251456  0.569286
    21      16       590       574   109.317       108  0.384316  0.558732
    22      16       621       605   109.984       124  0.304473  0.557147
    23      16       648       632   109.897       108  0.119318  0.552014
    24      16       677       661    110.15       116  0.219546  0.548954
    25      16       706       690   110.384       116  0.221737  0.545611
    26      16       732       716   110.138       104  0.227252  0.543172
    27      16       761       745   110.354       116  0.285236  0.552744
    28      16       788       772   110.269       108  0.147205  0.557243
    29      16       819       803   110.742       124  0.151699  0.558662
    30      16       845       829   110.517       104  0.434115  0.561273
    31      16       869       853   110.048        96   3.36513  0.564805
    32      16       896       880   109.984       108  0.485375  0.568091
    33      16       923       907   109.923       108  0.426043  0.574911
    34      16       957       941    110.69       136  0.337966  0.572841
    35      16       984       968   110.612       108  0.414698  0.572126
    36      16      1013       997   110.762       116  0.250503  0.572634
    37      16      1036      1020   110.254        92   1.04967  0.573106
    38      16      1066      1050    110.51       120  0.595385  0.571482
    39      16      1096      1080   110.753       120  0.510055  0.573449
2014-12-11 02:22:57.087600min lat: 0.098092 max lat: 6.18192 avg lat: 0.574233
   sec Cur ops   started  finished  avg MB/s  cur MB/s  last lat   avg lat
    40      16      1122      1106   110.584       104  0.417743  0.574233
    41      16      1150      1134   110.618       112  0.648604   0.57232
    42      16      1181      1165   110.936       124  0.347948  0.572549
    43      16      1208      1192   110.867       108   1.64994  0.572406
    44      16      1230      1214   110.347        88  0.461758  0.571962
    45      16      1263      1247   110.828       132  0.519338  0.574299
    46      16      1293      1277   111.027       120  0.537818  0.572945
    47      16      1316      1300   110.622        92  0.748497  0.572609
    48      16      1347      1331     110.9       124  0.929335   0.57262
    49      16      1374      1358   110.841       108  0.303163  0.573559
    50      16      1401      1385   110.784       108  0.307956  0.574065
    51      16      1429      1413   110.807       112  0.325041  0.574222
    52      16      1456      1440   110.753       108  0.363944  0.573167
    53      16      1488      1472   111.078       128  0.288667  0.573218
    54      16      1514      1498   110.947       104  0.701507  0.571992
    55      16      1540      1524    110.82       104  0.215348  0.571729
    56      16      1566      1550   110.698       104  0.818082  0.572618
    57      16      1599      1583   111.071       132  0.375076  0.573289
    58      16      1628      1612   111.156       116  0.260434  0.571937
    59      16      1654      1638   111.035       104  0.317264  0.570562
2014-12-11 02:23:17.090526min lat: 0.098092 max lat: 6.18192 avg lat: 0.570787
   sec Cur ops   started  finished  avg MB/s  cur MB/s  last lat   avg lat
    60      16      1682      1666    111.05       112  0.844664  0.570787
 Total time run:         60.776038
Total writes made:      1683
Write size:             4194304
Bandwidth (MB/sec):     110.767 

Stddev Bandwidth:       17.8817
Max bandwidth (MB/sec): 136
Min bandwidth (MB/sec): 0
Average Latency:        0.577034
Stddev Latency:         0.580436
Max latency:            6.18192
Min latency:            0.098092
