 Maintaining 16 concurrent writes of 4194304 bytes for up to 60 seconds or 0 objects
 Object prefix: benchmark_data_ceph-radosbench-1_1
   sec Cur ops   started  finished  avg MB/s  cur MB/s  last lat   avg lat
     0       0         0         0         0         0         -         0
     1      16        37        21   83.9768        84  0.898584  0.440063
     2      16        67        51   101.979       120  0.135801  0.450045
     3      16        94        78    103.98       108  0.161754  0.468712
     4      16       120       104   103.982       104  0.146054  0.471684
     5      16       150       134   107.181       120  0.163498  0.505762
     6      16       175       159   105.982       100  0.160684  0.527764
     7      16       201       185   105.697       104    1.4677  0.571273
     8      16       235       219   109.483       136  0.793505  0.564829
     9      16       260       244   108.427       100  0.606149   0.55933
    10      16       287       271   108.383       108  0.156055  0.557673
    11      16       316       300   109.074       116  0.168677  0.565834
    12      16       346       330   109.983       120  0.152819  0.558239
    13      16       373       357   109.829       108  0.219643  0.563256
    14      16       399       383   109.412       104  0.130104  0.558166
    15      16       430       414   110.383       124  0.224352  0.560021
    16      16       460       444   110.983       120  0.718277  0.552515
    17      16       488       472   111.042       112  0.519668  0.550093
    18      16       510       494   109.761        88  0.805903  0.555513
    19      16       542       526    110.72       128   0.45707  0.562186
2014-12-11 00:48:58.408754min lat: 0.100922 max lat: 2.97298 avg lat: 0.563057
   sec Cur ops   started  finished  avg MB/s  cur MB/s  last lat   avg lat
    20      16       564       548   109.584        88  0.176342  0.563057
    21      16       593       577   109.889       116  0.155553  0.563727
    22      16       621       605   109.984       112  0.958662  0.571281
    23      16       654       638   110.941       132  0.259522  0.570405
    24      16       680       664   110.651       104  0.217018  0.566728
    25      16       710       694   111.024       120  0.439754  0.568042
    26      16       734       718   110.446        96   0.70882  0.570045
    27      16       762       746   110.503       112  0.225889  0.565635
    28      16       784       768   109.698        88   1.48718  0.570629
    29      16       819       803   110.743       140  0.683475  0.571005
    30      16       848       832   110.917       116  0.463503  0.571849
    31      16       877       861   111.081       116  0.231342  0.569192
    32      16       904       888   110.984       108  0.268547  0.569621
    33      16       928       912   110.529        96  0.819887  0.569455
    34      16       955       939   110.455       108  0.279981  0.574196
    35      16       983       967   110.498       112  0.379881  0.571054
    36      16      1016      1000   111.095       132   0.29065  0.570927
    37      16      1042      1026   110.903       104  0.225367  0.568594
    38      16      1072      1056   111.142       120  0.369969  0.567653
    39      16      1097      1081   110.856       100  0.280846  0.564375
2014-12-11 00:49:18.411503min lat: 0.094443 max lat: 2.97298 avg lat: 0.569581
   sec Cur ops   started  finished  avg MB/s  cur MB/s  last lat   avg lat
    40      16      1128      1112   111.184       124  0.513993  0.569581
    41      16      1152      1136   110.813        96  0.312038  0.568448
    42      16      1181      1165   110.937       116   2.05884  0.566627
    43      16      1211      1195   111.147       120  0.431103  0.568461
    44      16      1241      1225   111.348       120  0.350917  0.566916
    45      16      1262      1246    110.74        84   2.33555  0.569407
    46      16      1298      1282   111.462       144  0.620013  0.570675
    47      16      1324      1308   111.303       104  0.523991  0.568664
    48      16      1352      1336   111.317       112  0.415692  0.568938
    49      16      1378      1362   111.168       104  0.241555  0.568497
    50      16      1410      1394   111.504       128  0.449634   0.57057
    51      16      1430      1414   110.886        80   1.11364   0.57239
    52      16      1463      1447   111.292       132  0.569216  0.570536
    53      16      1487      1471   111.003        96  0.713252  0.569974
    54      16      1521      1505   111.466       136  0.546289  0.571511
    55      16      1541      1525   110.893        80  0.595127  0.572756
    56      16      1569      1553   110.913       112  0.274553  0.571898
    57      16      1589      1573    110.37        80  0.234373  0.575888
    58      16      1620      1604   110.605       124  0.297381  0.575584
    59      16      1648      1632   110.628       112  0.514512  0.574792
2014-12-11 00:49:38.414282min lat: 0.094443 max lat: 2.97298 avg lat: 0.575009
   sec Cur ops   started  finished  avg MB/s  cur MB/s  last lat   avg lat
    60      16      1676      1660   110.651       112  0.803416  0.575009
 Total time run:         60.539723
Total writes made:      1677
Write size:             4194304
Bandwidth (MB/sec):     110.803 

Stddev Bandwidth:       20.8117
Max bandwidth (MB/sec): 144
Min bandwidth (MB/sec): 0
Average Latency:        0.575823
Stddev Latency:         0.506524
Max latency:            2.97298
Min latency:            0.094443
