 Maintaining 16 concurrent writes of 4194304 bytes for up to 60 seconds or 0 objects
 Object prefix: benchmark_data_ceph-radosbench-1_1
   sec Cur ops   started  finished  avg MB/s  cur MB/s  last lat   avg lat
     0       0         0         0         0         0         -         0
     1      16        37        21   83.9751        84  0.384124  0.584728
     2      16        64        48   95.9778       108  0.263066  0.544967
     3      16        92        76   101.313       112  0.667439  0.509982
     4      16       111        95   94.9826        76  0.094646  0.477796
     5      16       131       115   91.9839        80  0.539769  0.531023
     6      16       157       141   93.9831       104   0.68037  0.613159
     7      15       185       170   97.1256       116  0.160673  0.609332
     8      16       211       195   97.4832       100  0.405909  0.626965
     9      16       238       222   98.6501       108  0.169542  0.612832
    10      16       265       249   99.5836       108  0.839616  0.607707
    11      16       292       276   100.347       108  0.346897  0.617207
    12      16       321       305    101.65       116  0.347472  0.606284
    13      16       344       328   100.907        92  0.491721  0.597062
    14      16       374       358    102.27       120  0.486174    0.6023
    15      16       401       385    102.65       108   1.15347  0.604737
    16      16       431       415   103.734       120  0.208653  0.602044
    17      16       456       440   103.513       100  0.342134  0.599069
    18      16       483       467   103.762       108  0.519018  0.603608
    19      16       510       494   103.984       108  0.611913  0.597621
2014-12-10 21:07:37.294220min lat: 0.093878 max lat: 3.78937 avg lat: 0.599511
   sec Cur ops   started  finished  avg MB/s  cur MB/s  last lat   avg lat
    20      16       537       521   104.184       108  0.394652  0.599511
    21      16       566       550   104.746       116  0.533896  0.600559
    22      16       592       576   104.711       104  0.527132  0.598745
    23      16       621       605   105.201       116  0.612723  0.597933
    24      16       647       631   105.151       104  0.178559  0.599518
    25      16       669       653   104.464        88  0.590452  0.597586
    26      16       695       679   104.446       104  0.248984  0.602405
    27      16       726       710   105.169       124  0.619676  0.602278
    28      16       751       735   104.984       100  0.299629  0.599787
    29      16       776       760   104.812       100  0.597726  0.600377
    30      16       807       791   105.451       124  0.405989  0.600892
    31      16       826       810     104.5        76  0.941034  0.598362
    32      16       850       834   104.234        96  0.790558   0.59962
    33      16       878       862   104.469       112  0.398664  0.600268
    34      15       907       892   104.925       120  0.334526   0.60291
    35      16       938       922   105.355       120  0.976047  0.602865
    36      16       965       949   105.428       108  0.613191  0.601501
    37      16       986       970   104.849        84  0.271818  0.599964
    38      16      1012       996   104.826       104   1.79244  0.601821
    39      16      1036      1020   104.599        96  0.414019   0.60196
2014-12-10 21:07:57.297174min lat: 0.093878 max lat: 3.78937 avg lat: 0.603992
   sec Cur ops   started  finished  avg MB/s  cur MB/s  last lat   avg lat
    40      16      1068      1052   105.184       128   0.41054  0.603992
    41      16      1096      1080    105.35       112  0.804968  0.602339
    42      16      1120      1104   105.127        96   1.02136  0.602825
    43      16      1147      1131   105.193       108  0.462417  0.600714
    44      16      1175      1159   105.348       112  0.410495  0.602876
    45      16      1207      1191   105.851       128  0.453421   0.60058
    46      16      1231      1215   105.636        96  0.627152   0.59923
    47      16      1256      1240   105.516       100  0.390721  0.600594
    48      16      1283      1267   105.567       108  0.848744  0.601365
    49      16      1305      1289   105.209        88  0.097931  0.598349
    50      16      1326      1310   104.784        84  0.436361  0.604292
    51      16      1352      1336   104.769       104  0.508431  0.604548
    52      16      1382      1366   105.061       120  0.542611  0.604124
    53      16      1408      1392   105.041       104  0.177295   0.60207
    54      16      1429      1413   104.651        84  0.328401  0.603307
    55      16      1457      1441   104.784       112  0.345403  0.605048
    56      16      1490      1474    105.27       132  0.260334  0.603776
    57      16      1515      1499   105.177       100  0.651778  0.602748
    58      16      1547      1531    105.57       128  0.897044  0.603378
    59      16      1568      1552   105.205        84  0.368718  0.603013
2014-12-10 21:08:17.300082min lat: 0.093878 max lat: 3.78937 avg lat: 0.603795
   sec Cur ops   started  finished  avg MB/s  cur MB/s  last lat   avg lat
    60      16      1588      1572   104.784        80   1.21819  0.603795
    61       8      1589      1581   103.657        36  0.665689  0.607415
 Total time run:         61.230217
Total writes made:      1589
Write size:             4194304
Bandwidth (MB/sec):     103.805 

Stddev Bandwidth:       20.8759
Max bandwidth (MB/sec): 132
Min bandwidth (MB/sec): 0
Average Latency:        0.613276
Stddev Latency:         0.470981
Max latency:            3.78937
Min latency:            0.093878
