 Maintaining 16 concurrent writes of 4194304 bytes for up to 60 seconds or 0 objects
 Object prefix: benchmark_data_ceph-radosbench-1_1
   sec Cur ops   started  finished  avg MB/s  cur MB/s  last lat   avg lat
     0       0         0         0         0         0         -         0
     1      16        35        19   75.9765        76  0.520215  0.358462
     2      16        54        38   75.9823        76  0.071699  0.525613
     3      16        73        57   75.9848        76  0.534145  0.631423
     4      16        99        83   82.9847       104  0.369636  0.668555
     5      16       113        97   77.5865        56  0.102077  0.685809
     6      16       137       121   80.6531        96  0.763598  0.705554
     7      16       157       141   80.5577        80  0.288434  0.712613
     8      16       168       152   75.9871        44   1.67098   0.73752
     9      16       188       172   76.4315        80  0.732125  0.777017
    10      16       207       191   76.3872        76  0.485017  0.773014
    11      16       224       208   75.6239        68   0.83764  0.792851
    12      16       242       226   75.3211        72  0.198396  0.789413
    13      16       256       240   73.8342        56  0.068311  0.791862
    14      16       261       245   69.9888        20  0.557068   0.79044
    15      16       282       266   70.9223        84  0.072596  0.838262
    16      16       301       285    71.239        76   2.34809  0.851485
    17      16       320       304   71.5184        76   2.01107  0.852627
    18      16       331       315   69.9893        44   0.16461  0.857678
    19      16       347       331   69.6736        64  0.121994  0.862385
2014-12-10 01:08:58.224810min lat: 0.064473 max lat: 3.76635 avg lat: 0.840494
   sec Cur ops   started  finished  avg MB/s  cur MB/s  last lat   avg lat
    20      16       360       344   68.7896        52  0.115892  0.840494
    21      16       378       362   68.9419        72  0.118149  0.849524
    22      16       401       385   69.9894        92  0.336502  0.868173
    23      16       412       396   68.8591        44  0.100324   0.88404
    24      16       431       415   69.1562        76   0.08754  0.888107
    25      16       457       441   70.5494       104  0.275863  0.884568
    26      16       471       455   69.9895        56  0.740254  0.879001
    27      16       481       465   68.8786        40  0.102846  0.887022
    28      16       502       486   69.4182        84  0.157712  0.901416
    29      16       525       509   70.1964        92  0.139288  0.886551
    30      16       539       523    69.723        56  0.068503   0.88827
    31      16       549       533    68.764        40  0.317219  0.894371
    32      16       559       543   67.8649        40    1.6552  0.911189
    33      16       577       561   67.9899        72   0.21948  0.918922
    34      16       595       579   68.1075        72   1.01863  0.923918
    35      16       615       599    68.447        80  0.068272  0.915722
    36      16       633       617   68.5454        72  0.088563  0.909072
    37      16       645       629     67.99        48  0.402158  0.913117
    38      16       650       634    66.727        20  0.065971  0.908853
    39      16       660       644   66.0416        40   4.02277  0.931509
2014-12-10 01:09:18.227642min lat: 0.064473 max lat: 4.40575 avg lat: 0.94224
   sec Cur ops   started  finished  avg MB/s  cur MB/s  last lat   avg lat
    40      16       686       670   66.9902       104  0.112879   0.94224
    41      16       706       690   67.3072        80  0.556196  0.931626
    42      16       721       705    67.133        60  0.753851   0.93109
    43      15       735       720    66.967        60   2.43795  0.941601
    44      16       749       733   66.6267        52   1.48681  0.940528
    45      16       757       741   65.8571        32  0.107759  0.947488
    46      16       767       751   65.2949        40  0.591345  0.947338
    47      16       791       775   65.9479        96  0.065172  0.946071
    48      16       812       796   66.3238        84   0.16422  0.947953
    49      16       826       810   66.1129        56  0.360118  0.948984
    50      16       843       827   66.1505        68   1.55747  0.955477
    51      16       856       840   65.8729        52   2.55691  0.955023
    52      16       872       856   65.8367        64  0.390541  0.954336
    53      16       884       868      65.5        48  0.066641  0.953848
    54      16       903       887   65.6943        76  0.081429  0.956755
    55      16       919       903   65.6633        64   2.37848    0.9611
    56      16       942       926   66.1334        92  0.066425  0.953981
    57      16       950       934   65.5345        32  0.070405  0.958066
    58      16       968       952   65.6458        72    2.3443  0.964424
    59      16       989       973   65.9567        84  0.135287  0.958654
2014-12-10 01:09:38.230330min lat: 0.064473 max lat: 4.40575 avg lat: 0.955797
   sec Cur ops   started  finished  avg MB/s  cur MB/s  last lat   avg lat
    60      16      1008       992   66.1239        76  0.590955  0.955797
    61      15      1009       994    65.171         8    2.4223  0.956472
    62      15      1009       994   64.1199         0         -  0.956472
 Total time run:         62.446332
Total writes made:      1009
Write size:             4194304
Bandwidth (MB/sec):     64.631 

Stddev Bandwidth:       24.1334
Max bandwidth (MB/sec): 104
Min bandwidth (MB/sec): 0
Average Latency:        0.9884
Stddev Latency:         0.998539
Max latency:            4.446
Min latency:            0.064473
