 Maintaining 16 concurrent writes of 4194304 bytes for up to 60 seconds or 0 objects
 Object prefix: benchmark_data_ceph-radosbench-1_1
   sec Cur ops   started  finished  avg MB/s  cur MB/s  last lat   avg lat
     0       0         0         0         0         0         -         0
     1      16        36        20   79.9729        80  0.961437  0.452573
     2      16        53        37   73.9819        68   1.03784   0.63435
     3      16        68        52   69.3193        60   1.10886   0.73136
     4      16        89        73   72.9863        84   1.20151   0.77786
     5      16       106        90   71.9871        68    1.3967  0.791366
     6      16       107        91   60.6562         4  0.639214  0.789694
     7      16       115        99   56.5623        32   2.68472  0.925986
     8      16       142       126   62.9905       108  0.615336  0.971341
     9      16       162       146   64.8794        80  0.844626  0.946726
    10      16       179       163   65.1906        68  0.727531   0.93481
    11      16       198       182   66.1723        76  0.807159   0.92502
    12      16       215       199   66.3233        68  0.316006   0.90904
    13      16       215       199   61.2216         0         -   0.90904
    14      16       218       202   57.7057         6   2.19874  0.929294
    15      16       232       216   57.5915        56  0.584078   1.03381
    16      16       256       240   59.9913        96  0.496312   1.03681
    17      16       272       256   60.2265        64  0.377862   1.02202
    18      16       284       268   59.5469        48  0.211066    1.0208
    19      16       303       287   60.4121        76  0.433944   1.02582
2014-12-10 23:48:23.884215min lat: 0.113835 max lat: 3.28161 avg lat: 1.02419
   sec Cur ops   started  finished  avg MB/s  cur MB/s  last lat   avg lat
    20      16       317       301   60.1909        56  0.570474   1.02419
    21      16       322       306   58.2768        20  0.816413   1.01529
    22      16       327       311   56.5367        20   3.05495   1.04987
    23      16       350       334   58.0778        92  0.231365   1.07771
    24      16       366       350   58.3241        64  0.222354   1.06464
    25      16       383       367   58.7106        68   1.79772   1.06225
    26      16       401       385   59.2212        72  0.254566   1.05637
    27      16       415       399   59.1016        56  0.346333   1.04942
    28      16       418       402   57.4193        12  0.553986   1.04447
    29      16       428       412   56.8184        40  0.099209   1.06683
    30      16       450       434   57.8574        88    2.0211   1.08499
    31      16       470       454   58.5713        80   1.17289   1.07486
    32      16       487       471   58.8656        68   1.27414   1.06978
    33      16       499       483   58.5361        48  0.162848   1.06568
    34      16       511       495    58.226        48   1.54717   1.07021
    35      16       514       498   56.9052        12   2.14903   1.07736
    36      16       523       507   56.3244        36  0.093878   1.06519
    37      16       540       524   56.6397        68   3.20977   1.11063
    38      16       559       543   57.1488        76   1.38506   1.10641
    39      16       573       557   57.1191        56  0.271361   1.09849
2014-12-10 23:48:43.887485min lat: 0.093878 max lat: 3.60822 avg lat: 1.09516
   sec Cur ops   started  finished  avg MB/s  cur MB/s  last lat   avg lat
    40      16       589       573    57.291        64  0.232987   1.09516
    41      16       598       582   56.7715        36   1.41428   1.10229
    42      16       612       596   56.7529        56  0.114153   1.09189
    43      16       612       596   55.4331         0         -   1.09189
    44      16       629       613   55.7185        34  0.185787   1.12564
    45      16       642       626   55.6357        52   1.28746   1.13119
    46      16       657       641   55.7303        60  0.358576   1.12733
    47      16       669       653   55.5657        48   1.71057   1.13236
    48      16       687       671   55.9079        72  0.178731   1.12701
    49      16       703       687   56.0728        64  0.161081   1.11891
    50      16       712       696   55.6713        36  0.123236   1.11356
    51      16       712       696   54.5797         0         -   1.11356
    52      16       732       716   55.0683        40   2.80112   1.14928
    53      16       745       729   55.0103        52   1.27081   1.14449
    54      16       758       742   54.9544        52  0.532676   1.14984
    55      16       776       760   55.2641        72   1.49303   1.14379
    56      16       792       776   55.4199        64  0.342631   1.14044
    57      16       801       785   55.0791        36  0.339119   1.13238
    58      16       811       795    54.819        40  0.133404   1.13068
    59      16       833       817   55.3812        88   1.32865   1.14788
2014-12-10 23:49:03.890504min lat: 0.093878 max lat: 3.64047 avg lat: 1.14885
   sec Cur ops   started  finished  avg MB/s  cur MB/s  last lat   avg lat
    60      16       839       823   54.8581        24   1.19033   1.14885
 Total time run:         60.585772
Total writes made:      840
Write size:             4194304
Bandwidth (MB/sec):     55.459 

Stddev Bandwidth:       26.3862
Max bandwidth (MB/sec): 108
Min bandwidth (MB/sec): 0
Average Latency:        1.15323
Stddev Latency:         0.904207
Max latency:            3.64047
Min latency:            0.093878
