 Maintaining 16 concurrent writes of 4194304 bytes for up to 60 seconds or 0 objects
 Object prefix: benchmark_data_ceph-radosbench-1_1
   sec Cur ops   started  finished  avg MB/s  cur MB/s  last lat   avg lat
     0       0         0         0         0         0         -         0
     1      16        34        18   71.9757        72  0.430934  0.338184
     2      16        55        39   77.9807        84  0.335345  0.519538
     3      16        75        59   78.6494        80    1.9222   0.64293
     4      16        99        83   82.9828        96  0.222971  0.657152
     5      16       113        97    77.585        56  0.066575  0.629289
     6      16       137       121   80.6519        96  0.626231  0.714648
     7      16       159       143   81.6989        88  0.901267    0.7098
     8      16       174       158   78.9853        60  0.430937  0.729378
     9      16       190       174   77.3193        64  0.176865  0.754991
    10      16       206       190   75.9865        64  0.405117  0.761454
    11      16       231       215   78.1682       100  0.095552   0.75346
    12      16       249       233   77.6534        72  0.072271  0.751736
    13      16       262       246   75.6794        52   2.67734  0.780929
    14      16       269       253   72.2735        28  0.622237  0.807919
    15      16       297       281    74.921       112  0.414287   0.83005
    16      16       309       293    73.238        48  0.066808  0.824257
    17      16       324       308   72.4588        60   1.90429  0.822781
    18      16       340       324   71.9885        64  0.138288  0.838726
    19      16       362       346   72.8305        88  0.433202  0.833812
2014-12-10 01:13:24.375708min lat: 0.066421 max lat: 3.23128 avg lat: 0.839807
   sec Cur ops   started  finished  avg MB/s  cur MB/s  last lat   avg lat
    20      16       376       360   71.9886        56  0.794836  0.839807
    21      16       407       391   74.4642       124  0.683501  0.836768
    22      16       429       413   75.0788        88  0.227802  0.834015
    23      16       442       426   74.0751        52  0.227046  0.818195
    24      16       462       446   74.3215        80  0.065506  0.817199
    25      16       478       462   73.9083        64  0.358499  0.843476
    26      16       492       476   73.2183        56  0.239456  0.845808
    27      16       518       502   74.3576       104  0.105938  0.838412
    28      16       543       527   75.2728       100   0.11769  0.832269
    29      16       555       539   74.3321        48  0.657578   0.83237
    30      16       567       551   73.4541        48  0.244293  0.834699
    31      16       577       561   72.3748        40  0.334368  0.838679
    32      16       583       567    70.863        24   1.80704  0.844847
    33      16       602       586   71.0183        76  0.619394    0.8688
    34      16       623       607   71.3997        84  0.121127  0.866396
    35      16       642       626   71.5308        76  0.070068  0.873679
    36      16       659       643   71.4324        68   3.04221  0.869874
    37      16       674       658   71.1231        60   1.64179  0.877762
    38      16       681       665   69.9881        28  0.218994  0.874464
    39      16       692       676   69.3216        44   1.50792  0.884888
2014-12-10 01:13:44.379307min lat: 0.065162 max lat: 4.34644 avg lat: 0.899198
   sec Cur ops   started  finished  avg MB/s  cur MB/s  last lat   avg lat
    40      16       705       689   68.8883        52  0.113182  0.899198
    41      16       726       710   69.2565        84  0.279964  0.907648
    42      16       749       733   69.7977        92  0.139791  0.906808
    43      16       763       747   69.4765        56   1.10818  0.907685
    44      16       773       757   68.8064        40   1.76784  0.912059
    45      16       784       768    68.255        44   1.33455  0.912549
    46      16       803       787    68.423        76  0.266314  0.911373
    47      16       824       808    68.754        84  0.307373  0.916549
    48      16       839       823   68.5714        60  0.647481  0.914108
    49      16       846       830   67.7432        28   1.18855   0.91282
    50      16       866       850   67.9881        80   0.12684  0.922381
    51      16       878       862   67.5961        48  0.125198  0.932132
    52      16       897       881   67.7574        76  0.224115  0.930858
    53      16       924       908   68.5164       108  0.910889  0.926168
    54      16       944       928   68.7288        80   1.15865  0.920816
    55      16       956       940   68.3518        48  0.309885  0.922914
    56      16       968       952   67.9883        48  0.069086   0.92229
    57      15       980       965   67.7076        52    2.3782  0.930259
    58      16      1005       989   68.1952        96   0.07131  0.929983
    59      16      1031      1015   68.8018       104   1.03866  0.923001
2014-12-10 01:14:04.382789min lat: 0.065162 max lat: 4.62177 avg lat: 0.918297
   sec Cur ops   started  finished  avg MB/s  cur MB/s  last lat   avg lat
    60      16      1051      1035   68.9882        80   1.11482  0.918297
 Total time run:         60.809380
Total writes made:      1052
Write size:             4194304
Bandwidth (MB/sec):     69.200 

Stddev Bandwidth:       24.451
Max bandwidth (MB/sec): 124
Min bandwidth (MB/sec): 0
Average Latency:        0.923661
Stddev Latency:         0.926904
Max latency:            4.62177
Min latency:            0.065162
