 Maintaining 16 concurrent writes of 4194304 bytes for up to 60 seconds or 0 objects
 Object prefix: benchmark_data_ceph-radosbench-1_1
   sec Cur ops   started  finished  avg MB/s  cur MB/s  last lat   avg lat
     0       0         0         0         0         0         -         0
     1      16        35        19   75.9768        76  0.306633  0.300371
     2      15        62        47   93.9781       112  0.306497  0.531533
     3      16        95        79   105.312       128  0.157722  0.532385
     4      16       121       105   104.981       104   1.05004  0.511741
     5      16       148       132   105.581       108  0.462599  0.503195
     6      16       178       162   107.981       120  0.215488  0.522905
     7      16       206       190   108.553       112  0.458689  0.526521
     8      16       232       216   107.981       104   1.44306  0.546125
     9      16       262       246   109.315       120  0.229505  0.556172
    10      16       290       274   109.582       112   0.57208  0.559604
    11      16       314       298   108.346        96   2.10835  0.557782
    12      16       348       332   110.649       136   1.02675  0.565607
    13      16       375       359   110.444       108   1.05048   0.56652
    14      16       399       383   109.411        96  0.306139   0.56962
    15      16       430       414   110.381       124  0.827521  0.567717
    16      16       454       438   109.482        96  0.987657  0.568311
    17      16       481       465   109.393       108  0.448359   0.57051
    18      16       513       497   110.426       128  0.317586  0.565353
    19      16       540       524   110.298       108  0.635526  0.565448
2014-12-11 02:10:37.152107min lat: 0.097023 max lat: 2.94371 avg lat: 0.57266
   sec Cur ops   started  finished  avg MB/s  cur MB/s  last lat   avg lat
    20      16       566       550   109.982       104  0.913161   0.57266
    21      16       593       577   109.887       108   0.27302  0.567949
    22      16       624       608   110.527       124  0.338235  0.570172
    23      16       654       638   110.939       120  0.614156  0.571814
    24      16       681       665   110.815       108   0.49683  0.569864
    25      16       707       691   110.542       104   0.20848  0.571961
    26      16       736       720   110.752       116   1.72663  0.569582
    27      16       765       749   110.945       116  0.279889  0.566271
    28      16       792       776    110.84       108  0.332245  0.564118
    29      16       821       805   111.017       116  0.260079  0.563348
    30      16       849       833   111.049       112  0.482864  0.561013
    31      16       877       861   111.079       112  0.253671  0.561006
    32      16       902       886   110.733       100  0.268849  0.557493
    33      16       930       914   110.771       112  0.922587  0.557742
    34      16       960       944   111.042       120  0.262418  0.561063
    35      16       987       971   110.954       108  0.199183  0.566733
    36      16      1019      1003   111.427       128  0.228172  0.565106
    37      16      1042      1026   110.902        92  0.246559   0.56723
    38      16      1075      1059   111.457       132  0.364631  0.567607
    39      16      1099      1083    111.06        96  0.239417  0.567143
2014-12-11 02:10:57.154917min lat: 0.097023 max lat: 5.59887 avg lat: 0.569071
   sec Cur ops   started  finished  avg MB/s  cur MB/s  last lat   avg lat
    40      16      1126      1110   110.983       108  0.215782  0.569071
    41      16      1156      1140   111.203       120  0.400303  0.569079
    42      16      1186      1170   111.412       120      1.09   0.57003
    43      16      1211      1195   111.146       100  0.439362  0.570898
    44      16      1239      1223   111.165       112  0.313107  0.568854
    45      16      1268      1252   111.272       116  0.385525  0.569448
    46      16      1295      1279   111.201       108  0.894327  0.569177
    47      16      1324      1308   111.302       116  0.365819   0.56898
    48      16      1354      1338   111.483       120   0.53415  0.570636
    49      16      1379      1363   111.249       100  0.755017  0.571269
    50      16      1409      1393   111.423       120  0.775765   0.57143
    51      16      1436      1420   111.356       108  0.210592  0.569851
    52      15      1464      1449   111.445       116  0.425781  0.569969
    53      16      1493      1477   111.455       112  0.381146  0.569005
    54      16      1520      1504   111.391       108  0.300153  0.568632
    55      16      1547      1531   111.329       108  0.327317  0.569416
    56      16      1577      1561   111.483       120  0.270568  0.569611
    57      16      1604      1588   111.422       108  0.442513  0.569307
    58      16      1631      1615   111.363       108  0.301173  0.568068
    59      16      1655      1639   111.102        96   0.27001   0.56684
2014-12-11 02:11:17.157906min lat: 0.097023 max lat: 5.59887 avg lat: 0.568884
   sec Cur ops   started  finished  avg MB/s  cur MB/s  last lat   avg lat
    60      16      1684      1668   111.183       116  0.161413  0.568884
 Total time run:         60.640999
Total writes made:      1685
Write size:             4194304
Bandwidth (MB/sec):     111.146 

Stddev Bandwidth:       17.6769
Max bandwidth (MB/sec): 136
Min bandwidth (MB/sec): 0
Average Latency:        0.57462
Stddev Latency:         0.509148
Max latency:            5.59887
Min latency:            0.097023
