 Maintaining 16 concurrent writes of 4194304 bytes for up to 60 seconds or 0 objects
 Object prefix: benchmark_data_ceph-radosbench-1_1
   sec Cur ops   started  finished  avg MB/s  cur MB/s  last lat   avg lat
     0       0         0         0         0         0         -         0
     1      16        31        15   59.9766        60  0.891886  0.612592
     2      16        49        33   65.9794        72  0.445479  0.676492
     3      16        64        48   63.9819        60   1.50951  0.769103
     4      16        82        66   65.9828        72  0.657026  0.837077
     5      16        93        77   61.5843        44   0.91411  0.867381
     6      16       109        93   61.9848        64   1.24541  0.950001
     7      16       118       102   58.2715        36  0.997698  0.974422
     8      16       136       120   59.9858        72  0.301057  0.979321
     9      16       148       132   58.6529        48  0.298085  0.964026
    10      16       162       146   58.3865        56   1.45764   1.02676
    11      16       176       160   58.1686        56  0.150842   1.02554
    12      16       189       173   57.6536        52   0.70331   1.03727
    13      16       190       174   53.5264         4  0.224326    1.0326
    14      16       208       192   54.8449        72  0.657897   1.08899
    15      16       227       211   56.2541        76   1.06643   1.09957
    16      16       238       222   55.4877        44  0.590108   1.09959
    17      16       256       240   56.4582        72   1.20446    1.1022
    18      16       268       252   55.9873        48  0.201265   1.09076
    19      16       279       263   55.3558        44      1.32   1.10328
2015-02-01 02:27:32.032741min lat: 0.109761 max lat: 3.22503 avg lat: 1.11239
   sec Cur ops   started  finished  avg MB/s  cur MB/s  last lat   avg lat
    20      16       284       268   53.5878        20   1.60192   1.11239
    21      16       301       285   54.2733        68   2.13263   1.13843
    22      16       311       295   53.6241        40   1.52176   1.15131
    23      16       328       312   54.2487        68   0.30094   1.13349
    24      16       341       325   54.1547        52   0.30429   1.13223
    25      16       355       339   54.2282        56   0.70823   1.14459
    26      16       361       345   53.0653        24  0.801881   1.13687
    27      16       371       355   52.5811        40  0.609508   1.16129
    28      16       386       370   52.8456        60  0.620349   1.17587
    29      16       405       389   53.6436        76  0.813406   1.16872
    30      16       418       402   53.5884        52   0.59825    1.1681
    31      16       431       415   53.5367        52  0.641211   1.16774
    32      16       445       429   53.6133        56  0.649108   1.16634
    33      16       449       433   52.4733        16    1.1585   1.17003
    34      16       464       448   52.6943        60   1.53816   1.18043
    35      16       483       467   53.3597        76  0.174486    1.1743
    36      16       497       481   53.4327        56  0.176527   1.16973
    37      16       512       496   53.6099        60   1.69184   1.17098
    38      16       527       511   53.7777        60   1.20165   1.17105
    39      16       535       519   53.2191        32  0.802813   1.16901
2015-02-01 02:27:52.036987min lat: 0.102374 max lat: 4.41071 avg lat: 1.17796
   sec Cur ops   started  finished  avg MB/s  cur MB/s  last lat   avg lat
    40      16       543       527   52.6884        32   1.57681   1.17796
    41      16       557       541   52.7689        56   2.20696   1.18993
    42      16       574       558   53.1311        68  0.291416   1.18619
    43      16       590       574   53.3835        64  0.404905   1.17775
    44      16       605       589   53.5337        60   0.32164    1.1752
    45      16       617       601   53.4104        48   1.59594    1.1759
    46      16       626       610   53.0318        36   1.74931   1.17621
    47      16       635       619   52.6692        36  0.609333   1.17887
    48      16       645       629   52.4051        40  0.174601   1.19369
    49      16       659       643   52.4783        56  0.474647   1.19428
    50      16       675       659   52.7084        64   0.74047   1.19327
    51      16       686       670   52.5374        44  0.271708   1.19831
    52      16       693       677   52.0654        28   1.69234   1.20155
    53      16       710       694   52.3659        68  0.213778   1.20796
    54      16       719       703   52.0627        36  0.241688   1.20233
    55      16       731       715   51.9886        48   2.69629   1.20625
    56      16       746       730   52.1315        60  0.896437   1.21495
    57      16       761       745   52.2693        60  0.945248   1.21081
    58      16       772       756   52.1266        44  0.584259   1.20526
    59      16       784       768   52.0565        48  0.559577   1.20371
2015-02-01 02:28:12.041211min lat: 0.102374 max lat: 4.41071 avg lat: 1.20897
   sec Cur ops   started  finished  avg MB/s  cur MB/s  last lat   avg lat
    60      16       800       784   52.2553        64   2.10794   1.20897
    61      16       800       784   51.3987         0         -   1.20897
    62      16       800       784   50.5697         0         -   1.20897
 Total time run:         62.799810
Total writes made:      800
Write size:             4194304
Bandwidth (MB/sec):     50.956 

Stddev Bandwidth:       19.0318
Max bandwidth (MB/sec): 76
Min bandwidth (MB/sec): 0
Average Latency:        1.2509
Stddev Latency:         0.813998
Max latency:            5.30168
Min latency:            0.102374
