 Maintaining 16 concurrent writes of 4194304 bytes for up to 60 seconds or 0 objects
 Object prefix: benchmark_data_ceph-radosbench-1_1
   sec Cur ops   started  finished  avg MB/s  cur MB/s  last lat   avg lat
     0       0         0         0         0         0         -         0
     1      16        24         8   31.9909        32  0.904556  0.641818
     2      16        38        22   43.9906        56   1.20261   1.03917
     3      16        51        35   46.6579        52  0.922726   1.05241
     4      16        65        49   48.9915        56  0.757378   1.01364
     5      16        77        61   48.7919        48  0.951993   1.07066
     6      16        86        70    46.659        36  0.986444   1.12001
     7      16        93        77    43.993        28   1.20556   1.16818
     8      16       102        86   42.9933        36   2.77706   1.30822
     9      16       114        98   43.5491        48  0.247554    1.3477
    10      16       124       108   43.1938        40  0.798952   1.33319
    11      16       137       121   43.9939        52   1.21166   1.34309
    12      16       149       133   44.3273        48   1.61764   1.34418
    13      16       158       142   43.6863        36   0.81364    1.3496
    14      16       166       150   42.8514        32   1.24015   1.35575
    15      16       171       155   41.3278        20  0.314418   1.38318
    16      16       186       170   42.4943        60   2.56811   1.43112
    17      16       193       177   41.6415        28    2.4992   1.43286
    18      16       203       187     41.55        40   2.35028   1.44612
    19      16       212       196   41.2577        36  0.599828    1.4504
2014-12-09 22:55:16.555896min lat: 0.199865 max lat: 3.73811 avg lat: 1.49237
   sec Cur ops   started  finished  avg MB/s  cur MB/s  last lat   avg lat
    20      16       223       207   41.3946        44   1.94215   1.49237
    21      16       228       212   40.3758        20   2.53559   1.49816
    22      16       239       223   40.5403        44  0.184028   1.48955
    23      16       251       235   40.8645        48  0.461051   1.47656
    24      16       260       244   40.6616        36  0.404807   1.47011
    25      16       268       252   40.3149        32  0.455279   1.47417
    26      16       276       260    39.995        32  0.858941   1.48883
    27      16       286       270    39.995        40   3.09785   1.53945
    28      16       296       280   39.9951        40   1.27038   1.54941
    29      16       311       295   40.6847        60   1.21157    1.5335
    30      16       321       305   40.6618        40   1.41762   1.52471
    31      16       329       313   40.3822        32  0.407403    1.5241
    32      16       338       322   40.2452        36   3.34054      1.53
    33      16       348       332   40.2377        40   2.51149   1.54164
    34      16       357       341   40.1129        36     1.016   1.55266
    35      16       369       353   40.3381        48  0.404289   1.54569
    36      16       380       364   40.4397        44  0.628472     1.546
    37      16       387       371   40.1034        28   1.80208   1.54852
    38      16       399       383   40.3111        48    2.5432   1.55267
    39      16       406       390   39.9954        28  0.870749   1.55088
2014-12-09 22:55:36.557868min lat: 0.184028 max lat: 4.30249 avg lat: 1.55842
   sec Cur ops   started  finished  avg MB/s  cur MB/s  last lat   avg lat
    40      16       414       398   39.7955        32  0.271117   1.55842
    41      16       425       409   39.8979        44   1.66464   1.56375
    42      16       435       419   39.9003        40  0.267683   1.56264
    43      16       447       431   40.0885        48  0.586733   1.55716
    44      16       452       436   39.6319        20  0.265019   1.54858
    45      16       462       446     39.64        40  0.910602   1.57022
    46      16       473       457   39.7346        44  0.293982   1.57714
    47      16       481       465     39.57        32   2.06058   1.57808
    48      16       489       473   39.4122        32  0.346062    1.5882
    49      16       501       485   39.5873        48  0.302546   1.59007
    50      16       506       490   39.1955        20   0.90497   1.58825
    51      16       519       503   39.4465        52   2.15796   1.59771
    52      16       530       514   39.5339        44  0.320595   1.59304
    53      16       542       526   39.6935        48  0.710288   1.58151
    54      16       552       536   39.6991        40   1.19002   1.58165
    55      16       561       545   39.6317        36  0.933153   1.58501
    56      16       572       556   39.7096        44   1.46086   1.59058
    57      16       581       565   39.6445        36   1.26292   1.59069
    58      16       592       576   39.7194        44   2.02766   1.58723
    59      16       603       587   39.7919        44   2.01223   1.58523
2014-12-09 22:55:56.560445min lat: 0.184028 max lat: 4.30249 avg lat: 1.58151
   sec Cur ops   started  finished  avg MB/s  cur MB/s  last lat   avg lat
    60      16       613       597   39.7953        40  0.821646   1.58151
    61      13       614       601   39.4051        16   1.47776   1.58168
 Total time run:         61.841314
Total writes made:      614
Write size:             4194304
Bandwidth (MB/sec):     39.715 

Stddev Bandwidth:       10.9984
Max bandwidth (MB/sec): 60
Min bandwidth (MB/sec): 0
Average Latency:        1.60463
Stddev Latency:         0.868777
Max latency:            4.30249
Min latency:            0.184028
