 Maintaining 16 concurrent writes of 4194304 bytes for up to 60 seconds or 0 objects
 Object prefix: benchmark_data_ceph-radosbench-1_1
   sec Cur ops   started  finished  avg MB/s  cur MB/s  last lat   avg lat
     0       0         0         0         0         0         -         0
     1      16        23         7    27.991        28   0.90238  0.678856
     2      16        32        16   31.9926        36   1.93528   1.22467
     3      16        38        22   29.3279        24   1.57301   1.33268
     4      16        47        31    30.995        36   1.89378   1.54397
     5      16        56        40   31.9953        36   1.89957   1.60471
     6      16        61        45   29.9959        20  0.594863    1.6298
     7      16        67        51    29.139        24  0.599705   1.65784
     8      16        72        56   27.9965        20    3.6895   1.75568
     9      16        76        60   26.6632        16   1.63766   1.86497
    10      16        88        72   28.7963        48   1.36976    1.9956
    11      16        95        79   28.7237        28   2.81377   1.98537
    12      16       101        85   28.3298        24   3.07112    1.9809
    13      16       107        91   27.9965        24  0.414909   1.98219
    14      16       110        94   26.8539        12   1.00323   1.94588
    15      16       118       102   27.1968        32   1.48825   2.07622
    16      16       127       111   27.7467        36   4.23981   2.16969
    17      16       136       120    28.232        36   2.20903   2.15434
    18      16       142       126   27.9966        24   2.37133   2.15203
    19      16       151       135   28.4177        36   2.08919   2.15449
2014-12-09 22:50:14.526043min lat: 0.294277 max lat: 4.63181 avg lat: 2.15612
   sec Cur ops   started  finished  avg MB/s  cur MB/s  last lat   avg lat
    20      16       154       138   27.5967        12   2.41389   2.15612
    21      16       163       147   27.9966        36   2.00355    2.1849
    22      16       168       152    27.633        20   1.00432   2.17225
    23      16       177       161   27.9966        36   1.40065   2.17664
    24      16       186       170   28.3299        36   1.25288   2.18412
    25      16       192       176   28.1567        24   1.65393   2.18034
    26      16       195       179   27.5352        12   2.37596   2.18271
    27      16       203       187   27.7005        32   2.20222   2.18631
    28      16       212       196   27.9968        36  0.690921   2.18287
    29      16       218       202   27.8589        24     2.508   2.19606
    30      16       226       210   27.9968        32   2.17248   2.20842
    31      16       232       216   27.8678        24   2.60489    2.2169
    32      16       238       222   27.7469        24   1.78693   2.20095
    33      16       244       228   27.6333        24  0.243083   2.19244
    34      16       253       237   27.8793        36  0.645563   2.19634
    35      16       258       242   27.6541        20  0.437365   2.19702
    36      16       262       246   27.3303        16  0.974326   2.21188
    37      16       270       254   27.4565        32  0.425228   2.19835
    38      16       273       257   27.0497        12   3.77252    2.2199
    39      16       276       260   26.6638        12   5.05384   2.25258
2014-12-09 22:50:34.527945min lat: 0.199596 max lat: 5.17697 avg lat: 2.26354
   sec Cur ops   started  finished  avg MB/s  cur MB/s  last lat   avg lat
    40      16       282       266   26.5971        24  0.404322   2.26354
    41      16       294       278    27.119        48  0.979143   2.27618
    42      16       297       281    26.759        12    4.0199    2.2968
    43      16       306       290   26.9738        36    1.2938   2.30059
    44      16       314       298    27.088        32  0.893347   2.28955
    45      16       320       304   27.0193        24  0.799558   2.26402
    46      16       328       312   27.1275        32   3.20532   2.28112
    47      16       339       323   27.4864        44   1.21261   2.28197
    48      16       345       329   27.4137        24   1.37557   2.27602
    49      16       350       334   27.2624        20   2.15473   2.27897
    50      16       354       338   27.0371        16   2.61663   2.28338
    51      16       361       345    27.056        28  0.402311   2.27265
    52      16       372       356   27.3817        44  0.651114   2.27658
    53      16       378       362   27.3179        24    1.0216   2.27394
    54      16       384       368   27.2564        24   1.28427   2.27554
    55      16       390       374   27.1972        24  0.675964   2.27387
    56      16       395       379   27.0686        20    1.7635    2.2805
    57      16       400       384   26.9446        20   1.58432   2.28847
    58      16       409       393   27.1006        36  0.594246   2.28501
    59      16       418       402   27.2514        36   3.68185   2.29714
2014-12-09 22:50:54.529817min lat: 0.199596 max lat: 5.17697 avg lat: 2.29305
   sec Cur ops   started  finished  avg MB/s  cur MB/s  last lat   avg lat
    60      16       424       408   27.1972        24   1.00746   2.29305
    61      15       425       410   26.8825         8   2.68674   2.29544
    62      12       425       413   26.6424        12    2.8727   2.29948
 Total time run:         62.511867
Total writes made:      425
Write size:             4194304
Bandwidth (MB/sec):     27.195 

Stddev Bandwidth:       10.0265
Max bandwidth (MB/sec): 48
Min bandwidth (MB/sec): 0
Average Latency:        2.34334
Stddev Latency:         1.24321
Max latency:            5.17697
Min latency:            0.199596
