 Maintaining 16 concurrent writes of 4194304 bytes for up to 60 seconds or 0 objects
 Object prefix: benchmark_data_ceph-radosbench-1_1
   sec Cur ops   started  finished  avg MB/s  cur MB/s  last lat   avg lat
     0       0         0         0         0         0         -         0
     1      15        30        15   59.9317        60  0.627145  0.538754
     2      16        51        35   69.9087        80  0.709157  0.713563
     3      16        67        51   67.9373        64   1.37051  0.772087
     4      16        81        65   64.9527        56   1.39236  0.843128
     5      16        97        81   64.7145        64   1.31129  0.899735
     6      16       107        91   60.5984        40  0.402134  0.921737
     7      16       123       107   61.0643        64  0.836951  0.956294
     8      16       139       123   61.4296        64  0.488826  0.956453
     9      16       156       140   62.1515        68     1.324  0.967193
    10      16       168       152   60.7369        48   1.34394  0.972941
    11      16       181       165   59.9426        52  0.798184  0.995422
    12      16       193       177   58.9471        48  0.914571   1.01147
    13      16       211       195   59.9496        72  0.908333   1.02769
    14      16       226       210   59.9526        60  0.612192   1.02608
    15      16       240       224   59.6887        56   1.19746   1.02914
    16      16       252       236    58.958        48  0.863958   1.02901
    17      16       266       250   58.7836        56  0.804598   1.03871
    18      16       283       267   59.2948        68  0.218339   1.03701
    19      16       297       281    59.121        56  0.569524   1.03832
2015-01-13 08:09:54.952302min lat: 0.100751 max lat: 2.4923 avg lat: 1.05195
   sec Cur ops   started  finished  avg MB/s  cur MB/s  last lat   avg lat
    20      16       313       297   59.3644        64   1.27713   1.05195
    21      16       328       312   59.3941        60   1.03861   1.04852
    22      16       342       326   59.2395        56  0.390551    1.0458
    23      16       356       340   59.0984        56  0.184088   1.05603
    24      16       368       352   58.6358        48   1.13121   1.05804
    25      16       382       366   58.5301        56  0.579987   1.05897
    26      16       391       375   57.6637        36   1.77464   1.06715
    27      16       404       388   57.4537        52   2.20855   1.07913
    28      16       418       402   57.4015        56   2.21664     1.085
    29      16       435       419    57.764        68  0.136949   1.08326
    30      16       447       431   57.4384        48  0.286073   1.08501
    31      16       463       447   57.6497        64  0.912671   1.08469
    32      16       476       460    57.473        52  0.485845    1.0865
    33      15       487       472   57.1858        48   1.87571   1.09484
    34      16       504       488   57.3859        64  0.174809   1.09169
    35      16       518       502    57.346        56  0.144045   1.08871
    36      16       532       516   57.3084        56   2.10279   1.09065
    37      15       542       527   56.9487        44   2.55193   1.09786
    38      16       551       535   56.2922        32  0.203475   1.09125
    39      16       558       542   55.5668        28   2.97105   1.11303
2015-01-13 08:10:14.956526min lat: 0.100751 max lat: 3.5631 avg lat: 1.11405
   sec Cur ops   started  finished  avg MB/s  cur MB/s  last lat   avg lat
    40      16       575       559   55.8773        68  0.104082   1.11405
    41      15       588       573   55.8801        56  0.795711   1.12064
    42      16       605       589   56.0731        64  0.565036   1.12121
    43      16       619       603   56.0712        56   1.17036   1.12778
    44      16       629       613   55.7059        40  0.789784   1.12481
    45      16       642       626   55.6234        52  0.262193   1.12774
    46      16       660       644   55.9791        72   1.13926   1.13061
    47      16       674       658   55.9794        56  0.215859   1.12897
    48      16       689       673   56.0629        60  0.991181   1.12566
    49      16       701       685   55.8982        48  0.277687    1.1254
    50      15       714       699   55.9001        56   1.43424   1.12801
    51      15       725       710   55.6667        44   1.38853   1.13292
    52      15       737       722   55.5191        48    1.1815   1.13179
    53      16       754       738   55.6789        64  0.776318   1.13488
    54      16       769       753   55.7588        60   1.07842   1.13473
    55      16       782       766   55.6903        52  0.410992   1.13289
    56      16       797       781   55.7671        60  0.899922    1.1351
    57      16       804       788     55.28        28   1.29713   1.13587
    58      16       821       805   55.4991        68   1.88661   1.14074
    59      16       836       820   55.5752        60    1.0361    1.1391
2015-01-13 08:10:34.959581min lat: 0.099637 max lat: 3.5631 avg lat: 1.13815
   sec Cur ops   started  finished  avg MB/s  cur MB/s  last lat   avg lat
    60      16       852       836   55.7154        64   1.13973   1.13815
    61      10       853       843   55.2611        28   1.91337   1.13874
 Total time run:         61.441896
Total writes made:      853
Write size:             4194304
Bandwidth (MB/sec):     55.532 

Stddev Bandwidth:       12.9657
Max bandwidth (MB/sec): 80
Min bandwidth (MB/sec): 0
Average Latency:        1.14838
Stddev Latency:         0.634721
Max latency:            3.5631
Min latency:            0.099637
