 Maintaining 16 concurrent writes of 4194304 bytes for up to 60 seconds or 0 objects
 Object prefix: benchmark_data_ceph-radosbench-1_1
   sec Cur ops   started  finished  avg MB/s  cur MB/s  last lat   avg lat
     0       0         0         0         0         0         -         0
     1      16        20         4   15.9947        16  0.887693  0.729411
     2      16        23         7   13.9969        12   1.49028   1.05031
     3      16        29        13   17.3302        24   2.88965   1.70937
     4      16        32        16   15.9974        12   3.89936   2.11753
     5      16        35        19   15.1978        12   4.00815   2.44726
     6      16        35        19   12.6649         0         -   2.44726
     7      16        41        25   14.2838        12   4.74833   3.04441
     8      16        44        28   13.9982        12   4.54052   3.23278
     9      16        47        31    13.776        12   4.13943   3.35204
    10      16        50        34   13.5983        12   4.14973   3.45076
    11      16        53        37   13.4529        12   3.82823   3.51636
    12      16        56        40   13.3317        12     4.213   3.58315
    13      16        59        43   13.2292        12   5.11847   3.70318
    14      16        65        49   13.9983        24   4.70744    3.8832
    15      16        68        52    13.865        12   4.30445   3.92637
    16      16        71        55   13.7484        12   4.11063   3.95402
    17      16        74        58   13.6455        12   3.61611   3.96184
    18      16        77        61    13.554        12   4.01449   3.97389
    19      16        80        64   13.4721        12   4.96686   4.02937
2014-12-09 22:42:44.432495min lat: 0.274835 max lat: 5.69447 avg lat: 4.12123
   sec Cur ops   started  finished  avg MB/s  cur MB/s  last lat   avg lat
    20      16        86        70   13.9984        24   4.77359   4.12123
    21      16        89        73   13.9032        12   4.37779    4.1451
    22      16        92        76   13.8166        12   4.16621    4.1589
    23      16        95        79   13.7376        12   3.61461    4.1576
    24      16        98        82   13.6651        12   4.01584   4.15954
    25      16       101        85   13.5985        12   5.00092   4.19596
    26      16       104        88    13.537        12   4.93506   4.22775
    27      16       110        94   13.9244        24   4.33711   4.26615
    28      16       113        97   13.8556        12   4.33899   4.27861
    29      16       116       100   13.7916        12   3.55071   4.27235
    30      16       119       103   13.7318        12   4.01684   4.26989
    31      16       119       103   13.2889         0         -   4.26989
    32      16       125       109   13.6235        12   5.03197   4.32406
    33      16       131       115   13.9379        24   4.42488   4.35001
    34      16       134       118   13.8809        12   4.43381   4.36031
    35      16       137       121   13.8271        12   3.74823   4.35876
    36      16       140       124   13.7763        12   4.21493   4.35946
    37      16       140       124    13.404         0         -   4.35946
    38      16       146       130   13.6827        12    5.0061   4.39782
    39      16       149       133   13.6396        12   4.60245   4.40984
2014-12-09 22:43:04.434497min lat: 0.274835 max lat: 5.69447 avg lat: 4.41073
   sec Cur ops   started  finished  avg MB/s  cur MB/s  last lat   avg lat
    40      16       155       139   13.8985        24    4.0022   4.41073
    41      16       158       142   13.8522        12    3.6141   4.40347
    42      16       161       145    13.808        12   4.01196   4.39938
    43      16       161       145   13.4869         0         -   4.39938
    44      16       164       148   13.4531         6   5.06191   4.41666
    45      16       170       154   13.6874        24   4.86473   4.44674
    46      16       173       157   13.6507        12   4.46507    4.4533
    47      16       176       160   13.6156        12   4.46683   4.45966
    48      16       179       163   13.5819        12   3.81123   4.45769
    49      16       182       166   13.5496        12   4.21605   4.45674
    50      16       185       169   13.5186        12   5.05387   4.47072
    51      16       191       175    13.724        24    4.6224   4.49169
    52      16       194       178   13.6909        12   4.22452   4.49264
    53      16       197       181   13.6589        12   4.01741   4.49018
    54      16       200       184   13.6282        12   3.58615    4.4831
    55      16       203       187   13.5986        12   4.01037   4.47843
    56      16       206       190     13.57        12   5.02261   4.49006
    57      16       209       193   13.5424        12   5.03113   4.50145
    58      16       215       199   13.7227        24    4.4264   4.51422
    59      16       218       202   13.6935        12    4.4273   4.51776
2014-12-09 22:43:24.436491min lat: 0.274835 max lat: 5.69447 avg lat: 4.51525
   sec Cur ops   started  finished  avg MB/s  cur MB/s  last lat   avg lat
    60      16       221       205   13.6652        12    3.8154   4.51525
    61      14       222       208   13.6379        12    4.2085   4.51373
    62      14       222       208    13.418         0         -   4.51373
    63       8       222       214   13.5859        12   4.96055   4.53175
    64       2       222       220   13.7486        24    4.1569   4.53614
 Total time run:         64.498471
Total writes made:      222
Write size:             4194304
Bandwidth (MB/sec):     13.768 

Stddev Bandwidth:       6.02527
Max bandwidth (MB/sec): 24
Min bandwidth (MB/sec): 0
Average Latency:        4.53356
Stddev Latency:         0.930676
Max latency:            5.69447
Min latency:            0.274835
