 Maintaining 16 concurrent writes of 4194304 bytes for up to 60 seconds or 0 objects
 Object prefix: benchmark_data_ceph-radosbench-1_1
   sec Cur ops   started  finished  avg MB/s  cur MB/s  last lat   avg lat
     0       0         0         0         0         0         -         0
     1      16        34        18   71.9785        72  0.097806  0.475695
     2      16        62        46   91.9731       112  0.211889  0.510868
     3      16        87        71   94.6438       100  0.625244  0.501566
     4      16       106        90   89.9807        76  0.284591  0.526174
     5      16       136       120   95.9807       120  0.330648  0.600747
     6      16       165       149   99.3136       116  0.368837  0.605948
     7      16       191       175   99.9815       104  0.159215   0.59722
     8      16       219       203   101.482       112  0.456599  0.601616
     9      16       247       231   102.649       112  0.406073  0.601904
    10      16       271       255   101.983        96   1.05876  0.598373
    11      16       295       279   101.437        96  0.434461  0.598933
    12      16       323       307   102.316       112  0.350252  0.598305
    13      16       353       337   103.675       120   1.93287  0.602148
    14      16       379       363   103.697       104  0.420388  0.599622
    15      15       407       392   104.516       116   0.73522  0.597401
    16      16       434       418   104.483       104  0.453226   0.59317
    17      16       464       448   105.395       120  0.797572  0.597717
    18      16       494       478   106.205       120  0.507295  0.593333
    19      16       521       505   106.299       108  0.566587  0.589681
2014-12-10 21:11:41.470280min lat: 0.097806 max lat: 3.4529 avg lat: 0.591288
   sec Cur ops   started  finished  avg MB/s  cur MB/s  last lat   avg lat
    20      16       548       532   106.383       108   0.59897  0.591288
    21      16       579       563   107.221       124  0.914612  0.588524
    22      16       605       589   107.074       104  0.450824  0.589278
    23      16       630       614   106.766       100  0.483176  0.587516
    24      16       655       639   106.483       100   1.00359  0.587547
    25      16       680       664   106.223       100    1.0833  0.593594
    26      16       706       690   106.137       104  0.173737  0.595461
    27      16       738       722   106.947       128  0.221628  0.592514
    28      16       766       750   107.126       112  0.716204  0.591273
    29      16       789       773   106.604        92  0.760966  0.592687
    30      16       812       796   106.117        92  0.133927  0.589977
    31      16       831       815   105.145        76  0.497487  0.595803
    32      16       860       844   105.484       116   0.28218  0.601049
    33      16       882       866   104.954        88  0.271985  0.602135
    34      16       911       895   105.278       116  0.467085  0.601841
    35      16       938       922   105.356       108  0.597653  0.601526
    36      16       965       949   105.429       108  0.497513   0.60064
    37      16       987       971   104.957        88   1.45374  0.601576
    38      16      1014       998   105.037       108  0.331703  0.601812
    39      16      1044      1028    105.42       120  0.467863  0.600213
2014-12-10 21:12:01.473141min lat: 0.094302 max lat: 3.4529 avg lat: 0.600438
   sec Cur ops   started  finished  avg MB/s  cur MB/s  last lat   avg lat
    40      16      1074      1058   105.784       120  0.956992  0.600438
    41      16      1104      1088    106.13       120  0.542107  0.598546
    42      16      1131      1115   106.175       108  0.405961  0.598324
    43      16      1151      1135   105.566        80  0.385971  0.598467
    44      16      1177      1161    105.53       104  0.393074  0.599737
    45      16      1204      1188   105.584       108  0.220675  0.598939
    46      16      1233      1217    105.81       116  0.267829  0.599913
    47      16      1263      1247   106.112       120  0.390987  0.598738
    48      16      1287      1271   105.901        96  0.740413  0.597483
    49      16      1305      1289   105.209        72     1.167  0.597265
    50      16      1321      1305   104.384        64  0.474483  0.603057
    51      16      1346      1330   104.298       100  0.125089  0.607407
    52      16      1376      1360     104.6       120  0.786312  0.608065
    53      16      1406      1390    104.89       120  0.269109  0.605788
    54      16      1429      1413   104.651        92  0.336459  0.605271
    55      16      1456      1440   104.712       108  0.260582  0.606652
    56      16      1487      1471   105.056       124  0.799131  0.606354
    57      16      1511      1495   104.897        96  0.465771  0.604928
    58      16      1540      1524   105.088       116  0.345593  0.602827
    59      16      1564      1548   104.934        96   1.21225  0.604462
2014-12-10 21:12:21.476046min lat: 0.094302 max lat: 3.4529 avg lat: 0.6059
   sec Cur ops   started  finished  avg MB/s  cur MB/s  last lat   avg lat
    60      16      1586      1570   104.651        88   0.30376    0.6059
 Total time run:         60.922724
Total writes made:      1587
Write size:             4194304
Bandwidth (MB/sec):     104.198 

Stddev Bandwidth:       19.7437
Max bandwidth (MB/sec): 128
Min bandwidth (MB/sec): 0
Average Latency:        0.611436
Stddev Latency:         0.428624
Max latency:            3.4529
Min latency:            0.094302
