 Maintaining 16 concurrent writes of 4194304 bytes for up to 60 seconds or 0 objects
 Object prefix: benchmark_data_ceph-radosbench-1_1
   sec Cur ops   started  finished  avg MB/s  cur MB/s  last lat   avg lat
     0       0         0         0         0         0         -         0
     1      16        38        22   87.9683        88  0.594265  0.508064
     2      16        63        47   93.9762       100  0.484958  0.547595
     3      16        92        76   101.312       116  0.390197  0.556733
     4      16       120       104    103.98       112  0.920737  0.572855
     5      16       147       131    104.78       108  0.280971  0.580827
     6      16       174       158   105.314       108   0.77257  0.566248
     7      16       196       180   102.838        88  0.617454  0.566041
     8      16       227       211   105.481       124  0.995399  0.579692
     9      16       256       240   106.648       116  0.934596  0.576823
    10      16       282       266   106.382       104  0.256213   0.57318
    11      16       309       293   106.527       108  0.198691  0.572631
    12      16       340       324   107.982       124  0.458093  0.577069
    13      16       362       346   106.444        88  0.253392  0.573388
    14      16       387       371   105.983       100    1.2574  0.585794
    15      16       410       394    105.05        92  0.754478    0.5915
    16      16       437       421   105.233       108  0.672151  0.591286
    17      16       467       451   106.101       120  0.592448   0.58897
    18      16       490       474   105.317        92   0.74323  0.594841
    19      16       519       503   105.878       116  0.633375  0.593278
2014-12-10 20:51:31.707489min lat: 0.096731 max lat: 2.58286 avg lat: 0.588963
   sec Cur ops   started  finished  avg MB/s  cur MB/s  last lat   avg lat
    20      16       541       525   104.983        88  0.431457  0.588963
    21      16       559       543   103.412        72   1.39371  0.591631
    22      16       576       560   101.802        68  0.199042  0.605392
    23      16       608       592   102.941       128  0.992644  0.615313
    24      16       632       616   102.651        96  0.205323  0.613999
    25      16       659       643   102.864       108  0.394953  0.612185
    26      16       686       670   103.061       108  0.435678  0.610744
    27      16       714       698   103.391       112  0.154035  0.610078
    28      16       733       717   102.413        76   1.06365  0.612486
    29      16       758       742   102.329       100  0.490231  0.606826
    30      16       784       768   102.384       104   2.98864  0.613986
    31      16       812       796   102.694       112  0.349594   0.61485
    32      16       838       822   102.734       104  0.702968  0.614826
    33      16       861       845   102.409        92  0.125831  0.612287
    34      16       881       865   101.749        80    1.1959  0.618452
    35      16       913       897   102.499       128  0.603483  0.619423
    36      16       937       921   102.318        96  0.546485  0.617479
    37      16       965       949   102.579       112  0.466449  0.617342
    38      16       992       976   102.721       108  0.541448  0.614565
    39      15      1018      1003   102.856       108  0.376644  0.614432
2014-12-10 20:51:51.710396min lat: 0.095339 max lat: 3.67455 avg lat: 0.61702
   sec Cur ops   started  finished  avg MB/s  cur MB/s  last lat   avg lat
    40      16      1038      1022   102.185        76  0.819127   0.61702
    41      16      1062      1046   102.033        96  0.206428  0.620668
    42      16      1090      1074    102.27       112  0.552253  0.618554
    43      16      1112      1096   101.938        88  0.201512  0.618037
    44      16      1137      1121   101.894       100  0.148131  0.620942
    45      16      1165      1149   102.118       112   1.17764  0.622164
    46      16      1193      1177   102.332       112  0.879549  0.620031
    47      16      1223      1207   102.708       120  0.630311  0.618422
    48      16      1248      1232   102.651       100  0.450583  0.616979
    49      16      1270      1254   102.352        88  0.509895  0.616437
    50      16      1290      1274   101.904        80   0.29468  0.618551
    51      16      1320      1304   102.259       120   1.65106  0.621765
    52      16      1348      1332   102.446       112  0.264673  0.619577
    53      16      1373      1357     102.4       100  0.471568   0.62105
    54      16      1399      1383   102.429       104  0.326614  0.619851
    55      16      1426      1410    102.53       108  0.825846  0.619698
    56      16      1450      1434   102.413        96  0.334065  0.617656
    57      16      1468      1452   101.879        72  0.324467  0.619465
    58      16      1484      1468   101.226        64  0.612731  0.621414
    59      16      1518      1502   101.815       136  0.557027  0.625498
2014-12-10 20:52:11.713385min lat: 0.092998 max lat: 3.67455 avg lat: 0.623517
   sec Cur ops   started  finished  avg MB/s  cur MB/s  last lat   avg lat
    60      16      1545      1529   101.918       108  0.413498  0.623517
 Total time run:         60.959083
Total writes made:      1546
Write size:             4194304
Bandwidth (MB/sec):     101.445 

Stddev Bandwidth:       20.3289
Max bandwidth (MB/sec): 136
Min bandwidth (MB/sec): 0
Average Latency:        0.62952
Stddev Latency:         0.476578
Max latency:            3.67455
Min latency:            0.092998
