 Maintaining 16 concurrent writes of 4194304 bytes for up to 60 seconds or 0 objects
 Object prefix: benchmark_data_ceph-radosbench-1_1
   sec Cur ops   started  finished  avg MB/s  cur MB/s  last lat   avg lat
     0       0         0         0         0         0         -         0
     1      16        34        18   71.9788        72  0.447808   0.37877
     2      16        52        36   71.9836        72  0.093971  0.318063
     3      16        68        52   69.3195        64  0.103175   0.51329
     4      16        91        75   74.9858        92   0.10821  0.606844
     5      16       102        86   68.7875        44  0.094738  0.634485
     6      16       120       104   69.3218        72  0.197238   0.71338
     7      16       137       121   69.1315        68  0.206578  0.701567
     8      16       137       121   60.4904         0         -  0.701567
     9      16       137       121   53.7696         0         -  0.701567
    10      16       159       143   57.1915   29.3333  0.100055  0.923262
    11      16       180       164   59.6277        84   4.41843  0.979407
    12      16       191       175    58.325        44  0.093391  0.976596
    13      16       205       189   58.1456        56  0.098987  0.996553
    14      16       228       212   60.5629        92  0.131926  0.945826
    15      16       234       218   58.1253        24  0.296098  0.924181
    16      16       240       224   55.9925        24  0.096684  0.957976
    17      16       240       224   52.6988         0         -  0.957976
    18      16       251       235   52.2153        22   5.19537   1.06044
    19      16       268       252   53.0455        68  0.132742    1.1181
2014-12-11 00:06:34.783137min lat: 0.092954 max lat: 6.14727 avg lat: 1.11084
   sec Cur ops   started  finished  avg MB/s  cur MB/s  last lat   avg lat
    20      16       284       268   53.5928        64   0.10403   1.11084
    21      16       305       289   55.0401        84   0.09742   1.08141
    22      15       318       303   55.0833        56  0.125155   1.09632
    23      16       330       314   54.6011        44   0.09567   1.06184
    24      16       330       314   52.3262         0         -   1.06184
    25      16       333       317   50.7131         6   5.47884   1.10418
    26      16       344       328   50.4547        44  0.096529   1.16423
    27      16       366       350   51.8448        88   0.09441   1.14344
    28      16       381       365   52.1358        60  0.094036   1.14385
    29      16       406       390   53.7858       100  0.179563   1.13683
    30      16       425       409   54.5259        76   3.31139   1.13726
    31      16       444       428   55.2182        76  0.159278   1.09964
    32      16       449       433   54.1176        20  0.324413   1.09218
    33      16       457       441   53.4473        32    5.4712   1.11095
    34      15       480       465   54.6985        96  0.279877   1.11596
    35      16       498       482   55.0782        68  0.616072   1.13365
    36      16       521       505   56.1035        92  0.182816     1.106
    37      16       549       533   57.6138       112   0.21369    1.0762
    38      16       565       549   57.7816        64  0.136943    1.0681
    39      16       583       567    58.146        72  0.152371   1.05658
2014-12-11 00:06:54.785780min lat: 0.09273 max lat: 6.14727 avg lat: 1.03711
   sec Cur ops   started  finished  avg MB/s  cur MB/s  last lat   avg lat
    40      16       596       580   57.9922        52  0.155518   1.03711
    41      16       604       588   57.3581        32  0.095179   1.04628
    42      16       623       607   57.8017        76  0.141982   1.07945
    43      16       635       619   57.5736        48  0.094306   1.07887
    44      16       651       635   57.7195        64  0.175224    1.0803
    45      16       669       653   58.0366        72  0.148339   1.06626
    46      16       684       668    58.079        60  0.094052   1.05802
    47      16       686       670   57.0135         8  0.549406   1.05582
    48      16       686       670   55.8257         0         -   1.05582
    49      16       693       677   55.2578        14  0.491188   1.07007
    50      16       719       703   56.2323       104   5.17851   1.09746
    51      16       745       729   57.1687       104  0.098199   1.10355
    52      16       759       743   57.1461        56   2.40273   1.09644
    53      16       773       757   57.1244        56  0.135303     1.091
    54      16       788       772   57.1775        60   3.11325   1.09569
    55      16       796       780   56.7197        32  0.153478   1.09018
    56      15       819       804   57.4209        96  0.122038   1.06116
    57      16       841       825    57.887        84  0.094978    1.0535
    58      16       855       839   57.8544        56  0.146307   1.07348
    59      16       875       859   58.2296        80  0.424604   1.07975
2014-12-11 00:07:14.788286min lat: 0.092419 max lat: 6.14727 avg lat: 1.07038
   sec Cur ops   started  finished  avg MB/s  cur MB/s  last lat   avg lat
    60      16       893       877    58.459        72  0.094024   1.07038
    61      16       894       878   57.5663         4   2.97042   1.07255
    62      13       894       881   56.8313        12    1.3102   1.07551
    63      13       894       881   55.9293         0         -   1.07551
    64      13       894       881   55.0554         0         -   1.07551
    65       4       894       890   54.7622        12   6.29335   1.12752
 Total time run:         65.116396
Total writes made:      894
Write size:             4194304
Bandwidth (MB/sec):     54.917 

Stddev Bandwidth:       32.5788
Max bandwidth (MB/sec): 112
Min bandwidth (MB/sec): 0
Average Latency:        1.14919
Stddev Latency:         1.76552
Max latency:            7.78804
Min latency:            0.092419
