 Maintaining 16 concurrent writes of 4194304 bytes for up to 60 seconds or 0 objects
 Object prefix: benchmark_data_ceph-radosbench-1_1
   sec Cur ops   started  finished  avg MB/s  cur MB/s  last lat   avg lat
     0       0         0         0         0         0         -         0
     1      16        32        16   63.9663        64  0.762914  0.498614
     2      16        52        36   71.9726        80  0.743894  0.669387
     3      16        61        45   59.9805        36  0.416854  0.720942
     4      16        75        59    58.983        56  0.409322  0.863389
     5      16        90        74   59.1839        60   1.65613  0.972865
     6      16       105        89    59.318        60   1.41692  0.985136
     7      16       120       104   59.4138        60    1.0128  0.984628
     8      16       131       115    57.486        44  0.236468   1.00878
     9      16       144       128   56.8753        52  0.589059   1.01407
    10      16       146       130   51.9877         8  0.219374    1.0032
    11      16       162       146   53.0785        64  0.485249   1.10935
    12      16       170       154   51.3215        32   1.11559   1.14637
    13      16       189       173   53.2187        76  0.398668   1.14255
    14      16       202       186   53.1309        52  0.575342   1.13404
    15      16       217       201   53.5882        60  0.778285   1.14122
    16      16       227       211   52.7383        40  0.806613   1.14199
    17      16       236       220   51.7535        36   2.49648   1.14952
    18      16       249       233   51.7667        52  0.947719   1.19449
    19      16       264       248   52.1994        60   1.11503   1.18569
2015-02-01 02:26:22.914529min lat: 0.160939 max lat: 3.42052 avg lat: 1.17628
   sec Cur ops   started  finished  avg MB/s  cur MB/s  last lat   avg lat
    20      16       280       264   52.7887        64   1.11084   1.17628
    21      16       294       278    52.941        56  0.779414   1.16764
    22      16       310       294   53.4432        64  0.781573   1.16996
    23      16       317       301   52.3367        28  0.977498   1.17269
    24      16       336       320    53.322        76  0.107324   1.15534
    25      16       348       332   53.1087        48  0.161768   1.14901
    26      16       359       343   52.7581        44  0.290221    1.1502
    27      16       373       357   52.8777        56  0.617591   1.16684
    28      16       389       373   53.2745        64  0.712652   1.17027
    29      16       396       380   52.4028        28   1.39163    1.1771
    30      16       415       399   53.1888        76   1.90801   1.18959
    31      16       433       417   53.7702        72   1.41788   1.17256
    32      16       441       425     53.09        32  0.294084   1.16889
    33      16       449       433   52.4509        32   1.90223   1.17662
    34      16       463       447    52.555        56   1.65752   1.18864
    35      16       472       456   52.0819        36  0.204358   1.18898
    36      16       487       471   52.3015        60   1.92456   1.20426
    37      16       503       487   52.6172        64  0.322325   1.19684
    38      16       517       501   52.7059        56  0.623554    1.1904
    39      16       529       513    52.585        48   1.38268   1.19245
2015-02-01 02:26:42.932999min lat: 0.10415 max lat: 3.42052 avg lat: 1.1902
   sec Cur ops   started  finished  avg MB/s  cur MB/s  last lat   avg lat
    40      16       549       533   53.2697        80   0.49631    1.1902
    41      16       559       543   52.9459        40  0.600813   1.18336
    42      16       564       548   52.1617        20  0.227239   1.18536
    43      16       579       563   52.3438        60  0.395445   1.20048
    44      16       597       581     52.79        72  0.874044   1.19535
    45      16       611       595   52.8611        56  0.639731   1.19017
    46      16       626       610   53.0159        60  0.482057   1.19414
    47      16       638       622    52.909        48  0.501847   1.18821
    48      16       649       633   52.7233        44  0.297197   1.18635
    49      16       660       644   52.5451        44  0.178073   1.18528
    50      16       669       653   52.2141        36  0.320496   1.17372
    51      16       682       666   52.2097        52   3.58807   1.20239
    52      16       691       675   51.8979        36   1.40903   1.21078
    53      16       709       693   52.2769        72  0.393701   1.21197
    54      16       721       705   52.1976        48   1.61657   1.21133
    55      16       734       718   52.1938        52  0.848994   1.21059
    56      16       750       734   52.4043        64  0.574353    1.2041
    57      16       763       747    52.397        52   2.40768   1.20408
    58      16       773       757   52.1832        40     2.536   1.21073
    59      16       784       768   52.0443        44   2.75575   1.21296
2015-02-01 02:27:02.937060min lat: 0.10415 max lat: 3.85585 avg lat: 1.21455
   sec Cur ops   started  finished  avg MB/s  cur MB/s  last lat   avg lat
    60      16       797       781   52.0434        52   1.84576   1.21455
    61      15       798       783   51.3215         8   1.30243    1.2154
 Total time run:         61.614693
Total writes made:      798
Write size:             4194304
Bandwidth (MB/sec):     51.806 

Stddev Bandwidth:       17.1892
Max bandwidth (MB/sec): 80
Min bandwidth (MB/sec): 0
Average Latency:        1.22922
Stddev Latency:         0.771906
Max latency:            3.85585
Min latency:            0.10415
