 Maintaining 16 concurrent writes of 4194304 bytes for up to 60 seconds or 0 objects
 Object prefix: benchmark_data_ceph-radosbench-1_1
   sec Cur ops   started  finished  avg MB/s  cur MB/s  last lat   avg lat
     0       0         0         0         0         0         -         0
     1      16        41        25   99.9693       100  0.428778  0.418453
     2      16        73        57   113.968       128   1.53713  0.443471
     3      16       111        95   126.637       152  0.215208  0.448159
     4      16       141       125   124.973       120   0.26619   0.43751
     5      16       167       151   120.775       104  0.468587  0.449234
     6      16       183       167   111.309        64   0.58667  0.474485
     7      16       213       197   112.546       120   0.47775  0.528737
     8      16       234       218   108.975        84  0.398172  0.522315
     9      16       259       243   107.976       100   2.68187  0.544352
    10      16       283       267   106.777        96  0.109287  0.563992
    11      16       302       286   103.978        76  0.287962  0.568267
    12      16       332       316   105.312       120  0.139182  0.592218
    13      16       368       352   108.286       144  0.700918  0.573842
    14      16       387       371   105.979        76   0.87064  0.583668
    15      16       420       404   107.713       132  0.068198   0.56873
    16      16       450       434   108.479       120  0.104739  0.562256
    17      16       464       448   105.392        56  0.749358  0.557864
    18      16       489       473   105.091       100  0.163862  0.565057
    19      16       515       499   105.033       104   3.13729  0.588955
2014-12-10 02:05:03.693255min lat: 0.066947 max lat: 3.69314 avg lat: 0.598012
   sec Cur ops   started  finished  avg MB/s  cur MB/s  last lat   avg lat
    20      16       539       523   104.581        96  0.141889  0.598012
    21      16       577       561   106.838       152  0.383589  0.581785
    22      16       613       597   108.526       144  0.129932  0.576211
    23      16       631       615   106.937        72  0.695355  0.574363
    24      15       669       654   108.981       156  0.186779  0.578551
    25      16       689       673   107.661        76  0.972236  0.576014
    26      16       705       689   105.981        64  0.098567  0.573088
    27      16       714       698   103.389        36  0.085178  0.583391
    28      16       738       722   103.125        96  0.295978  0.593517
    29      16       758       742   102.327        80  0.373044  0.612777
    30      16       787       771   102.782       116  0.318997  0.610471
    31      16       813       797   102.821       104  0.299505  0.609818
    32      16       846       830   103.732       132  0.394529  0.609457
    33      16       864       848    102.77        72  0.542209  0.609232
    34      16       881       865   101.747        68  0.095517  0.607646
    35      16       893       877   100.212        48  0.160763  0.607525
    36      16       903       887    98.539        40  0.375995  0.616664
    37      16       928       912   98.5782       100  0.267093  0.637888
    38      16       959       943   99.2467       124  0.137583   0.63836
    39      16       989       973   99.7783       120  0.193795  0.632291
2014-12-10 02:05:23.696182min lat: 0.066392 max lat: 4.49754 avg lat: 0.629317
   sec Cur ops   started  finished  avg MB/s  cur MB/s  last lat   avg lat
    40      16      1011       995   99.4835        88    0.2668  0.629317
    41      16      1039      1023   99.7883       112  0.152492  0.629433
    42      16      1061      1045   99.5073        88  0.816191  0.629629
    43      16      1092      1076   100.077       124  0.067848  0.629199
    44      16      1111      1095   99.5291        76  0.073419  0.625815
    45      16      1142      1126   100.073       124  0.068465  0.629124
    46      16      1167      1151   100.071       100   1.56312  0.633443
    47      16      1193      1177   100.154       104   1.34689  0.631576
    48      16      1225      1209   100.734       128  0.630145  0.626303
    49      16      1237      1221   99.6572        48  0.670317  0.622528
    50      16      1258      1242   99.3439        84  0.126542  0.630603
    51      16      1271      1255   98.4154        52   0.13384  0.632493
    52      16      1292      1276    98.138        84  0.097978  0.641778
    53      16      1321      1305   98.4747       116  0.427293   0.64036
    54      16      1351      1335    98.873       120  0.361739  0.639042
    55      16      1382      1366   99.3296       124  0.080927  0.633512
    56      16      1420      1404    100.27       152  0.103623  0.625299
    57      16      1437      1421   99.7034        68  0.719491  0.626458
    58      16      1464      1448   99.8462       108  0.148122  0.630704
    59      16      1486      1470   99.6452        88  0.703403  0.634612
2014-12-10 02:05:43.699057min lat: 0.066339 max lat: 4.49754 avg lat: 0.634655
   sec Cur ops   started  finished  avg MB/s  cur MB/s  last lat   avg lat
    60      16      1516      1500   99.9842       120  0.398429  0.634655
    61      16      1517      1501   98.4107         4  0.410126  0.634505
 Total time run:         61.650621
Total writes made:      1517
Write size:             4194304
Bandwidth (MB/sec):     98.426 

Stddev Bandwidth:       34.0502
Max bandwidth (MB/sec): 156
Min bandwidth (MB/sec): 0
Average Latency:        0.646647
Stddev Latency:         0.804458
Max latency:            4.49754
Min latency:            0.066339
