 Maintaining 16 concurrent writes of 4194304 bytes for up to 60 seconds or 0 objects
 Object prefix: benchmark_data_ceph-radosbench-1_1
   sec Cur ops   started  finished  avg MB/s  cur MB/s  last lat   avg lat
     0       0         0         0         0         0         -         0
     1      16        32        16     63.98        64  0.963132  0.568095
     2      16        52        36   71.9832        80  0.814066  0.721221
     3      16        68        52   69.3193        64  0.571257  0.770003
     4      16        81        65   64.9884        52   1.53365   0.84932
     5      16        96        80   63.9859        60   1.78116  0.910665
     6      16       105        89   59.3208        36   0.93748  0.895959
     7      16       120       104   59.4166        60   2.07704  0.997294
     8      16       138       122   60.9777        72   0.53701  0.984971
     9      16       152       136   60.4195        56   1.48508  0.993494
    10      16       162       146   58.3774        40   1.18509   1.00975
    11      16       174       158   57.4335        48  0.811168   1.01896
    12      16       189       173   57.6465        60  0.813905   1.04143
    13      16       204       188   57.8268        60   0.52295   1.05849
    14      16       223       207   59.1239        76  0.671668   1.04749
    15      16       239       223   59.4483        64  0.673381   1.03337
    16      16       252       236   58.9824        52   1.09755   1.04013
    17      16       265       249   58.5712        52   1.44322   1.05004
    18      16       280       264     58.65        60   1.64533   1.05898
    19      15       291       276   58.0892        48  0.572309    1.0494
2015-01-13 08:08:47.511226min lat: 0.111259 max lat: 2.73179 avg lat: 1.06499
   sec Cur ops   started  finished  avg MB/s  cur MB/s  last lat   avg lat
    20      16       309       293   58.5841        68  0.701542   1.06499
    21      16       325       309   58.8415        64   1.19957   1.06148
    22      16       338       322   58.5302        52  0.696341   1.05335
    23      16       352       336   58.4199        56  0.855623   1.06008
    24      15       368       353    58.811        68    1.2115   1.06706
    25      16       379       363   58.0585        40  0.289595    1.0582
    26      16       391       375   57.6715        48   1.53412   1.08021
    27      16       404       388   57.4612        52   1.56807   1.08648
    28      16       417       401   57.2659        52  0.506277   1.08492
    29      16       433       417   57.4977        64  0.623473   1.09087
    30      16       454       438   58.3805        84  0.810415   1.08486
    31      16       463       447   57.6585        36  0.446702   1.07922
    32      16       476       460   57.4815        52   2.44868    1.0852
    33      15       488       473   57.3152        52  0.210679   1.08878
    34      16       500       484   56.9234        44  0.218748   1.08941
    35      16       514       498   56.8968        56    0.2769   1.09335
    36      16       533       517    57.427        76  0.242463   1.08449
    37      16       545       529   57.1721        48  0.596178    1.0898
    38      15       550       535   56.2992        24   2.90202   1.09029
    39      16       562       546   55.9837        44  0.462408   1.10726
2015-01-13 08:09:07.517299min lat: 0.098135 max lat: 3.19388 avg lat: 1.11708
   sec Cur ops   started  finished  avg MB/s  cur MB/s  last lat   avg lat
    40      16       574       558    55.784        48  0.349069   1.11708
    41      16       587       571   55.6915        52  0.866012   1.12046
    42      16       607       591   56.2699        80   0.65732   1.11946
    43      16       621       605   56.2634        56   1.14941   1.12096
    44      16       633       617   56.0754        48   1.08214    1.1195
    45      16       642       626   55.6293        36  0.904056   1.12471
    46      15       658       643    55.898        68   1.15442   1.13456
    47      16       679       663   56.4098        80   1.42902   1.12378
    48      16       687       671   55.9012        32  0.240584   1.12057
    49      16       702       686   55.9847        60  0.483522   1.12495
    50      16       719       703   56.2248        68   0.80969    1.1273
    51      16       724       708   55.5145        20   1.56729   1.12891
    52      15       736       721   55.4467        52  0.986361   1.13726
    53      16       754       738   55.6834        68   1.34996   1.13809
    54      16       767       751    55.615        52  0.354376   1.13303
    55      16       782       766   55.6946        60  0.205487   1.13518
    56      16       794       778   55.5571        48   1.64032   1.13579
    57      16       801       785   55.0736        28   1.57288    1.1377
    58      16       815       799   55.0894        56   2.18157   1.14941
    59      16       838       822   55.7132        92   1.22477   1.14285
2015-01-13 08:09:27.522455min lat: 0.098135 max lat: 3.19388 avg lat: 1.13936
   sec Cur ops   started  finished  avg MB/s  cur MB/s  last lat   avg lat
    60      16       848       832   55.4513        40  0.701412   1.13936
    61      15       849       834   54.6734         8   1.66466   1.13988
 Total time run:         61.871191
Total writes made:      849
Write size:             4194304
Bandwidth (MB/sec):     54.888 

Stddev Bandwidth:       17.0427
Max bandwidth (MB/sec): 92
Min bandwidth (MB/sec): 0
Average Latency:        1.16369
Stddev Latency:         0.652486
Max latency:            3.25
Min latency:            0.098135
