 Maintaining 16 concurrent writes of 4194304 bytes for up to 60 seconds or 0 objects
 Object prefix: benchmark_data_ceph-radosbench-1_1
   sec Cur ops   started  finished  avg MB/s  cur MB/s  last lat   avg lat
     0       0         0         0         0         0         -         0
     1      16        38        22   87.9776        88  0.912415  0.409133
     2      16        63        47   93.9803       100  0.385517  0.533832
     3      16        85        69   91.9832        88  0.278301  0.525583
     4      16        99        83   82.9856        56  0.611089  0.542931
     5      16       102        86   68.7886        12  0.094841  0.527678
     6      16       109        93   61.9902        28  0.099534  0.614477
     7      16       122       106    60.562        52   4.34381  0.793957
     8      16       144       128   63.9903        88  0.134003   0.80286
     9      16       164       148   65.7677        80  0.194859  0.857529
    10      16       177       161   64.3904        52    0.0967   0.84555
    11      16       189       173      62.9        48  0.150363  0.888499
    12      16       203       187   62.3244        56  0.096199  0.880221
    13      16       207       191   58.7608        16  0.094703  0.864056
    14      16       210       194   55.4207        12  0.097103   0.85538
    15      16       210       194   51.7262         0         -   0.85538
    16      16       223       207    51.743        26   6.41254  0.962438
    17      16       240       224   52.6988        68  0.100516   1.01093
    18      16       253       237   52.6597        52  0.093922   1.11841
    19      16       265       249   52.4142        48  0.104853   1.11638
2014-12-11 00:03:10.215675min lat: 0.09359 max lat: 6.78366 avg lat: 1.10655
   sec Cur ops   started  finished  avg MB/s  cur MB/s  last lat   avg lat
    20      16       286       270    53.993        84  0.135655   1.10655
    21      16       295       279    53.136        36  0.228071    1.0821
    22      16       299       283    51.448        16  0.094442   1.06848
    23      16       299       283   49.2112         0         -   1.06848
    24      16       308       292   48.6606        18    6.2174   1.16524
    25      16       326       310   49.5939        72   5.48457   1.19491
    26      16       341       325   49.9938        60  0.094701    1.2082
    27      16       352       336   49.7716        44  0.126649   1.20828
    28      16       371       355    50.708        76   3.31845   1.19531
    29      16       379       363   50.0627        32  0.094082   1.17997
    30      16       383       367   48.9272        16  0.095902   1.16934
    31      16       407       391   50.4454        96  0.094038   1.14465
    32      16       411       395   49.3689        16  0.104949   1.13406
    33      16       434       418   50.6604        92   0.10231   1.20246
    34      16       457       441   51.8759        92  0.212536   1.18466
    35      16       474       458   52.3364        68  0.737003   1.18885
    36      16       492       476   52.8823        72  0.711111    1.1705
    37      16       518       502   54.2634       104  0.145652   1.13522
    38      16       532       516   54.3089        56  0.095015    1.1095
    39      16       547       531   54.4547        60   0.09411   1.10918
2014-12-11 00:03:30.218156min lat: 0.093419 max lat: 6.78366 avg lat: 1.10918
   sec Cur ops   started  finished  avg MB/s  cur MB/s  last lat   avg lat
    40      16       547       531   53.0933         0         -   1.10918
    41      16       551       535   52.1885         8  0.122212    1.1346
    42      16       569       553     52.66        72  0.096757   1.16563
    43      16       593       577   53.6675        96  0.287452   1.14703
    44      16       611       595   54.0839        72   2.48621   1.15714
    45      16       630       614   54.5707        76  0.155341   1.14502
    46      16       638       622   54.0799        32  0.095174   1.14388
    47      16       638       622   52.9293         0         -   1.14388
    48      16       646       630   52.4932        16  0.095632    1.1506
    49      16       650       634   51.7485        16   0.09381   1.14393
    50      16       655       639   51.1135        20  0.143137   1.16342
    51      16       671       655    51.366        64  0.094803   1.16378
    52      16       690       674   51.8396        76  0.155855   1.18779
    53      16       710       694   52.3708        80  0.150327   1.19629
    54      16       733       717   53.1045        92  0.118286    1.1742
    55      16       747       731    53.157        56  0.211452    1.1661
    56      16       747       731   52.2078         0         -    1.1661
    57      16       757       741   51.9935        20  0.099786   1.17088
    58      16       760       744    51.304        12  0.094644    1.1667
    59      16       760       744   50.4344         0         -    1.1667
2014-12-11 00:03:50.220500min lat: 0.093332 max lat: 7.30268 avg lat: 1.18522
   sec Cur ops   started  finished  avg MB/s  cur MB/s  last lat   avg lat
    60      16       766       750   49.9938        12  0.107524   1.18522
    61      16       767       751   49.2398         4   7.02322   1.19299
    62      16       767       751   48.4457         0         -   1.19299
 Total time run:         62.730746
Total writes made:      767
Write size:             4194304
Bandwidth (MB/sec):     48.907 

Stddev Bandwidth:       33.0677
Max bandwidth (MB/sec): 104
Min bandwidth (MB/sec): 0
Average Latency:        1.30847
Stddev Latency:         2.09567
Max latency:            9.4925
Min latency:            0.093332
